1	801	1.000000
33	421	0.995963
33	984	0.989144
18	801	0.986141
9	874	0.983620
19	294	0.958727
19	987	0.943991
18	88	0.930013
1	766	0.902494
27	294	0.863143
13	600	0.856669
7	540	0.847699
7	887	0.820998
18	993	0.811377
7	547	0.776060
21	840	0.775613
31	294	0.769338
33	426	0.748660
6	993	0.745297
20	984	0.743272
18	407	0.738532
27	950	0.735606
37	295	0.728870
27	577	0.719231
18	310	0.712872
18	494	0.709191
7	737	0.702569
7	622	0.691496
7	838	0.680760
1	296	0.651252
21	189	0.650677
33	214	0.631890
31	73	0.631886
5	898	0.629091
37	236	0.622771
33	259	0.621249
22	667	0.616260
6	329	0.615972
18	487	0.615254
27	494	0.614741
2	566	0.613589
18	154	0.608276
14	960	0.606255
1	369	0.596575
40	809	0.596508
39	600	0.587505
10	905	0.579191
18	829	0.578628
8	255	0.572002
21	329	0.567079
6	407	0.563515
19	131	0.553872
6	76	0.553452
18	851	0.552759
33	437	0.552695
29	984	0.547558
1	380	0.539996
19	484	0.530233
6	236	0.526978
33	960	0.525951
40	341	0.521696
19	114	0.517020
33	689	0.510914
1	975	0.508964
21	801	0.507960
4	195	0.500604
37	333	0.499787
33	887	0.496308
27	131	0.495605
27	484	0.495228
5	925	0.492123
12	739	0.492026
12	540	0.491431
23	9	0.490956
34	293	0.490897
36	573	0.485950
18	490	0.484238
7	511	0.477958
6	9	0.477734
10	859	0.476995
1	520	0.476680
1	561	0.475759
37	31	0.474876
12	762	0.472791
18	773	0.471281
33	859	0.467944
39	407	0.461928
8	573	0.459103
10	296	0.455831
12	606	0.452676
24	426	0.451958
27	981	0.451381
14	919	0.451331
5	984	0.449701
1	847	0.449106
18	105	0.448060
21	418	0.447841
27	302	0.446522
2	673	0.446240
26	840	0.438642
33	595	0.438422
19	124	0.438286
1	435	0.437469
1	413	0.436181
8	66	0.433794
19	427	0.432891
21	236	0.431435
28	129	0.430023
8	905	0.429227
18	778	0.428124
10	815	0.425776
34	654	0.423931
33	920	0.422819
33	389	0.421072
37	936	0.420133
12	578	0.420055
33	148	0.419101
33	567	0.419080
20	355	0.414686
6	131	0.414463
39	689	0.414352
26	688	0.414077
18	859	0.413263
1	181	0.411376
7	699	0.408379
26	295	0.407481
28	105	0.405423
31	322	0.404124
20	683	0.403503
11	390	0.403297
1	154	0.402793
33	353	0.401989
22	150	0.401792
7	525	0.401586
30	481	0.399897
15	935	0.399446
19	248	0.395633
31	484	0.394737
6	219	0.394160
32	449	0.393027
22	407	0.392166
6	259	0.388847
5	131	0.388666
39	821	0.388506
2	287	0.387165
27	629	0.386548
33	739	0.386430
1	855	0.385916
33	2	0.384623
19	96	0.384255
19	389	0.382990
33	454	0.382611
7	806	0.378605
7	234	0.376879
19	89	0.375691
6	194	0.373463
28	547	0.372106
40	731	0.371813
8	720	0.371758
2	949	0.371488
11	920	0.370884
20	804	0.369350
6	699	0.368492
20	477	0.367905
20	562	0.367405
27	389	0.366268
25	705	0.365815
13	98	0.363361
21	808	0.362912
33	554	0.361886
18	130	0.360440
34	148	0.359475
33	730	0.357870
19	407	0.357685
33	555	0.357641
34	739	0.357371
18	600	0.355996
26	438	0.355891
7	766	0.353276
16	723	0.353229
19	573	0.352621
7	988	0.351594
7	380	0.349633
25	840	0.348771
20	237	0.347549
7	747	0.346784
12	881	0.346593
7	533	0.345282
15	747	0.344718
13	902	0.344006
18	107	0.342655
21	681	0.341732
4	177	0.341661
12	896	0.341164
10	890	0.340768
6	426	0.340638
2	534	0.339648
34	676	0.339044
19	293	0.338486
25	427	0.338237
18	790	0.335537
6	973	0.334902
31	293	0.334802
18	293	0.334659
33	562	0.334342
13	426	0.333238
33	514	0.332917
19	329	0.332410
7	188	0.331796
27	119	0.331405
27	204	0.331101
19	43	0.329862
2	889	0.328304
2	981	0.327355
1	981	0.327222
6	109	0.326321
6	490	0.325510
40	348	0.325368
34	574	0.324917
7	604	0.322735
2	383	0.321936
29	490	0.321618
1	936	0.321499
7	698	0.320741
6	629	0.320689
1	844	0.320473
27	293	0.320220
31	131	0.319328
8	195	0.319021
37	561	0.318561
26	689	0.318187
22	569	0.318146
24	407	0.317593
7	871	0.317373
33	561	0.316857
32	130	0.316706
18	484	0.316170
34	102	0.316157
25	490	0.315951
37	981	0.313638
1	873	0.313073
18	273	0.313007
11	533	0.312947
18	981	0.312842
19	577	0.312614
2	105	0.311727
33	686	0.310723
6	959	0.310473
37	646	0.310290
32	163	0.309416
7	526	0.309408
17	478	0.309383
27	612	0.309249
7	798	0.309221
33	266	0.308268
1	804	0.307067
34	800	0.306793
8	635	0.306607
6	154	0.305391
7	314	0.304677
40	647	0.303046
18	667	0.302496
29	192	0.302254
7	462	0.302071
16	148	0.301345
1	905	0.299845
34	698	0.299529
33	570	0.297388
27	155	0.297203
18	941	0.296063
30	974	0.295990
32	236	0.295013
5	562	0.294652
19	981	0.294124
2	959	0.293315
28	445	0.293053
25	650	0.292753
18	968	0.292678
2	737	0.292498
19	669	0.292426
11	501	0.292319
12	800	0.292261
28	442	0.291319
18	901	0.290127
36	491	0.289507
27	392	0.289441
12	810	0.288838
28	686	0.288274
6	548	0.287814
27	859	0.286708
37	569	0.286512
33	754	0.286495
18	415	0.286066
15	806	0.285862
20	79	0.285397
7	863	0.284919
1	721	0.284753
33	492	0.283146
1	64	0.283110
11	540	0.281997
33	950	0.281774
2	323	0.281253
19	612	0.281241
33	855	0.281227
31	329	0.280908
14	236	0.280155
27	90	0.280052
36	346	0.279480
1	898	0.278664
13	854	0.278489
7	469	0.277808
33	655	0.277592
9	490	0.277371
1	918	0.277032
10	803	0.276433
1	333	0.276283
18	855	0.275993
26	480	0.274296
1	737	0.272986
6	818	0.272894
7	980	0.272766
34	893	0.271374
34	683	0.271154
19	77	0.270269
36	724	0.269782
33	675	0.269779
29	389	0.269375
37	167	0.268751
19	912	0.268690
21	981	0.268194
6	573	0.268167
18	348	0.267979
39	534	0.267779
34	904	0.267691
28	179	0.267303
23	329	0.267124
37	737	0.266955
27	747	0.266718
31	341	0.266244
14	69	0.265982
18	919	0.265844
33	538	0.265555
6	427	0.264203
18	533	0.264044
27	1	0.263306
2	236	0.263249
7	537	0.262943
15	16	0.262421
37	507	0.262164
5	941	0.262007
28	557	0.261933
24	61	0.261624
19	859	0.260783
18	259	0.260436
9	737	0.260167
1	895	0.259763
39	331	0.259627
7	478	0.259066
12	672	0.259033
24	993	0.258896
12	667	0.258427
37	928	0.258311
5	555	0.258074
14	887	0.257913
19	394	0.256986
7	454	0.256704
5	286	0.256688
13	131	0.256129
1	729	0.255496
29	759	0.255424
8	389	0.255104
21	606	0.255004
32	941	0.254946
24	292	0.253792
32	919	0.253757
12	521	0.253527
25	751	0.252800
33	604	0.252787
1	543	0.252697
31	403	0.252312
19	116	0.252124
39	124	0.251982
5	960	0.251845
34	688	0.251734
23	539	0.251194
33	965	0.251103
18	340	0.250760
18	689	0.250431
1	153	0.248892
15	759	0.248879
19	34	0.248844
11	51	0.248625
10	891	0.248191
6	31	0.248129
8	214	0.247563
19	340	0.247487
2	995	0.247285
2	9	0.247088
18	669	0.246619
33	813	0.246527
14	991	0.246409
1	906	0.246068
2	719	0.245810
32	766	0.245584
7	401	0.245321
19	739	0.245305
13	70	0.245101
2	964	0.244975
14	573	0.244831
34	961	0.244412
18	384	0.244214
11	873	0.244136
25	854	0.243997
18	91	0.243834
5	490	0.243270
18	108	0.243113
40	531	0.242737
27	573	0.242656
21	406	0.242484
5	720	0.242436
31	737	0.241874
26	328	0.241244
27	851	0.241234
5	803	0.240363
1	862	0.240338
18	392	0.240278
37	393	0.239042
27	788	0.238729
33	583	0.238372
35	481	0.238071
13	389	0.237959
1	878	0.237708
18	538	0.237695
28	771	0.237620
33	667	0.237548
33	747	0.237504
2	595	0.237261
32	566	0.236167
39	192	0.236129
1	876	0.236093
12	256	0.235850
19	155	0.233576
33	886	0.233100
27	34	0.232991
33	937	0.231974
18	182	0.231861
6	855	0.231455
7	632	0.231216
37	670	0.230815
1	660	0.230068
33	410	0.229565
7	808	0.229381
30	891	0.229350
19	950	0.229186
36	167	0.229032
10	167	0.229032
1	386	0.228649
27	562	0.228498
7	751	0.228324
1	802	0.227915
7	563	0.227361
11	853	0.227035
7	489	0.226790
12	8	0.226537
6	925	0.226398
33	724	0.226341
12	476	0.226234
27	566	0.226056
14	91	0.225942
18	971	0.225731
33	221	0.225625
12	569	0.225347
18	737	0.224828
19	737	0.224640
1	445	0.224513
12	582	0.223974
1	863	0.223954
34	104	0.223940
7	789	0.223826
40	965	0.223678
3	797	0.223625
5	974	0.223564
33	43	0.223309
33	149	0.222775
7	432	0.222225
39	389	0.222179
33	673	0.221701
15	817	0.221107
39	718	0.221104
18	296	0.220864
6	274	0.220503
22	148	0.219938
18	591	0.219395
20	955	0.219352
28	511	0.219110
32	546	0.218590
7	792	0.218350
2	490	0.217986
33	759	0.217858
33	340	0.216574
7	635	0.216125
7	825	0.216114
14	711	0.215378
9	766	0.215373
7	431	0.214987
22	214	0.214952
37	340	0.214368
37	972	0.213831
5	780	0.213551
40	975	0.213401
12	816	0.213372
2	473	0.213324
6	75	0.212993
6	13	0.212800
21	647	0.212382
24	986	0.212340
40	872	0.211878
10	811	0.211643
33	3	0.211134
39	487	0.210943
27	673	0.210713
33	891	0.210606
6	916	0.209949
32	202	0.209883
15	422	0.209791
20	446	0.209382
14	364	0.209229
12	793	0.209206
10	982	0.209171
18	315	0.208985
2	31	0.208745
33	981	0.208383
33	865	0.208294
8	80	0.208042
1	871	0.207838
11	694	0.206803
29	796	0.206686
18	163	0.206550
33	968	0.206411
6	74	0.206321
5	838	0.206062
33	776	0.205931
33	798	0.205041
18	952	0.204805
26	335	0.204003
27	441	0.203873
7	713	0.203782
30	434	0.203649
14	686	0.203603
36	694	0.202916
6	983	0.202731
6	403	0.202525
19	193	0.202400
12	430	0.201418
10	435	0.201362
37	136	0.201312
27	923	0.201165
28	561	0.201120
1	240	0.200940
19	923	0.200662
37	51	0.200645
37	702	0.200515
6	859	0.200487
2	563	0.199391
15	754	0.199247
33	983	0.199185
33	65	0.198878
33	926	0.198572
18	672	0.197917
34	540	0.197753
2	340	0.197669
18	501	0.197612
6	851	0.197442
18	49	0.197355
7	578	0.197030
10	183	0.196688
6	737	0.195916
18	688	0.195658
1	805	0.195472
15	855	0.195463
13	683	0.195458
6	551	0.195365
6	801	0.195178
1	30	0.195063
40	333	0.194677
6	561	0.194529
10	855	0.194507
39	100	0.194406
21	516	0.194228
7	535	0.194200
33	580	0.194128
6	695	0.194014
16	30	0.193744
8	810	0.193106
33	917	0.192809
33	574	0.192591
22	118	0.192456
12	981	0.192443
27	904	0.192214
22	702	0.192182
10	481	0.192136
34	296	0.192062
33	969	0.191933
23	321	0.191620
19	392	0.191475
19	788	0.191301
32	822	0.191161
32	742	0.190834
6	155	0.190754
31	669	0.190692
8	259	0.190060
1	754	0.190046
36	919	0.189980
18	489	0.189632
19	387	0.189408
33	841	0.189061
26	23	0.188168
33	5	0.187995
14	411	0.187981
39	880	0.187901
7	855	0.187854
7	405	0.187838
1	340	0.187828
39	480	0.187739
18	953	0.187732
33	839	0.187483
1	407	0.187350
36	973	0.186951
1	592	0.186936
34	855	0.186816
1	927	0.186731
7	910	0.186265
21	504	0.186105
21	914	0.185945
18	820	0.185573
15	705	0.185481
19	747	0.185480
26	778	0.185203
18	329	0.185181
2	551	0.185052
1	922	0.185021
12	545	0.185012
29	974	0.184635
2	920	0.184343
18	561	0.184239
6	804	0.184181
25	828	0.184013
5	815	0.183816
27	662	0.183553
32	74	0.183478
6	862	0.183473
6	617	0.183409
6	844	0.183268
21	650	0.183182
32	706	0.182944
18	759	0.182907
16	796	0.182814
18	796	0.182718
20	421	0.182305
6	193	0.181536
7	521	0.181191
5	909	0.180567
6	889	0.179825
31	534	0.179776
25	836	0.179758
6	982	0.179729
27	647	0.179507
6	608	0.179453
40	935	0.179331
32	222	0.179321
12	450	0.179234
18	403	0.179202
33	591	0.179118
32	914	0.178955
18	699	0.178850
20	561	0.178821
33	881	0.178589
21	538	0.178564
23	263	0.178460
18	879	0.178300
6	263	0.177473
6	538	0.177249
9	857	0.176702
16	569	0.176702
19	300	0.176204
7	710	0.176188
6	971	0.175923
7	468	0.175879
4	221	0.175858
39	589	0.175594
25	548	0.175352
23	993	0.174914
33	980	0.174856
29	840	0.174852
18	469	0.174718
32	10	0.174640
33	522	0.174515
7	799	0.174240
12	439	0.174094
27	287	0.173937
18	782	0.173926
5	747	0.173838
5	652	0.173835
19	566	0.173649
6	796	0.173589
19	629	0.173458
4	835	0.173362
27	456	0.173230
36	60	0.173153
21	409	0.172973
1	753	0.172864
2	778	0.172686
7	200	0.172637
2	587	0.172632
18	214	0.172344
27	724	0.172282
20	802	0.172085
21	782	0.171995
18	982	0.171959
30	531	0.171705
6	11	0.171679
19	341	0.171612
7	913	0.171162
14	770	0.171161
10	737	0.171108
19	1	0.171085
6	981	0.171034
19	259	0.171029
28	570	0.171028
2	384	0.170420
2	923	0.170250
1	276	0.170100
18	540	0.169999
6	595	0.169970
28	459	0.169945
12	459	0.169945
15	913	0.169567
1	393	0.169470
7	694	0.169416
27	152	0.169119
34	763	0.168419
28	975	0.168202
14	780	0.168052
6	686	0.167951
19	984	0.167950
19	148	0.167930
6	756	0.167928
6	501	0.167546
18	449	0.167496
19	973	0.167401
20	333	0.167171
2	88	0.167073
9	918	0.167047
33	910	0.166980
18	558	0.166609
1	971	0.166331
12	686	0.166195
33	620	0.166053
33	311	0.165706
1	174	0.165628
19	982	0.165581
27	821	0.165558
18	148	0.165191
25	794	0.165184
6	542	0.164708
32	974	0.164701
6	822	0.164392
1	24	0.164380
27	737	0.164026
2	64	0.164014
25	551	0.163912
18	155	0.163402
18	946	0.163169
40	815	0.163125
9	488	0.163087
15	865	0.162996
1	672	0.162631
19	855	0.162517
6	626	0.162514
14	591	0.162455
11	739	0.162349
12	432	0.162284
9	989	0.162166
10	983	0.161937
1	604	0.161908
27	307	0.161785
18	96	0.161715
14	181	0.161660
22	421	0.161163
7	882	0.161152
1	982	0.161026
33	795	0.160954
6	905	0.160917
21	702	0.160859
33	204	0.160723
1	823	0.160606
6	723	0.160585
36	466	0.160579
18	176	0.160501
7	520	0.160330
33	904	0.160262
39	887	0.160240
18	973	0.159518
8	886	0.159277
18	882	0.159216
7	829	0.159180
33	370	0.159001
31	34	0.158892
39	88	0.158687
23	394	0.158529
27	941	0.158450
1	436	0.158422
40	355	0.158408
7	962	0.158272
1	485	0.158235
7	739	0.158104
19	119	0.158055
18	661	0.158053
18	270	0.157825
20	431	0.157398
6	999	0.157279
18	175	0.157226
32	51	0.157165
6	677	0.156740
34	981	0.156735
37	490	0.156689
12	904	0.156669
1	161	0.156642
6	445	0.156582
6	232	0.156476
19	551	0.156358
29	66	0.156291
34	319	0.156049
19	905	0.155983
31	941	0.155467
6	816	0.155059
33	810	0.155018
37	782	0.154903
2	293	0.154817
36	861	0.154403
34	720	0.154385
19	183	0.154084
6	80	0.153805
18	959	0.153776
26	452	0.153588
8	841	0.153536
1	731	0.153452
29	18	0.153312
18	974	0.153280
19	647	0.153155
19	74	0.153114
1	961	0.153082
31	539	0.153002
6	891	0.152869
7	826	0.152554
19	975	0.152552
36	105	0.152491
1	618	0.152408
18	64	0.152382
22	236	0.152345
40	821	0.152245
33	905	0.152209
33	925	0.152134
19	862	0.152016
27	391	0.152005
24	62	0.151992
7	210	0.151934
1	843	0.151910
13	214	0.151453
6	243	0.151177
7	723	0.151126
6	235	0.151045
6	689	0.151019
28	872	0.150969
18	920	0.150935
18	891	0.150730
26	566	0.150701
14	986	0.150565
7	523	0.150390
37	711	0.150149
2	130	0.150061
18	784	0.150022
28	923	0.150020
33	895	0.149917
33	913	0.149726
6	348	0.149614
25	570	0.149582
25	607	0.149556
22	547	0.149302
20	820	0.149260
19	771	0.149243
2	197	0.149221
40	983	0.149024
6	8	0.148990
40	857	0.148720
11	227	0.148503
8	402	0.148418
33	468	0.148406
2	189	0.148389
6	264	0.147823
37	627	0.147788
6	600	0.147782
24	796	0.147626
14	605	0.147605
2	174	0.147590
8	984	0.147498
27	644	0.147247
18	377	0.147080
13	477	0.147002
6	566	0.146879
7	605	0.146676
34	649	0.146534
15	352	0.146437
6	917	0.146418
18	696	0.146243
18	35	0.146150
12	547	0.146125
27	771	0.146110
25	392	0.146088
19	445	0.146001
17	399	0.145362
18	520	0.145176
5	834	0.145065
20	403	0.145053
39	289	0.144956
18	536	0.144616
21	148	0.144605
1	820	0.144595
2	367	0.144460
18	518	0.144455
18	255	0.144202
6	984	0.143721
1	527	0.143613
6	612	0.143561
7	333	0.143521
7	509	0.143499
1	512	0.143487
7	917	0.143387
19	644	0.143310
6	181	0.143213
20	556	0.143211
18	526	0.143193
33	789	0.143160
20	606	0.143144
27	931	0.143072
33	863	0.142942
33	407	0.142702
23	108	0.142690
6	533	0.142689
18	445	0.142641
12	997	0.142218
33	896	0.142076
6	766	0.142056
18	531	0.141916
33	999	0.141843
18	980	0.141638
20	253	0.141521
10	739	0.141421
15	720	0.141272
19	759	0.141107
6	2	0.140861
1	538	0.140853
33	209	0.140789
19	904	0.140753
39	949	0.140361
33	395	0.140304
24	641	0.140010
6	759	0.139983
32	494	0.139982
7	439	0.139548
32	581	0.139507
18	613	0.139172
33	509	0.139164
26	820	0.138946
18	556	0.138755
19	490	0.138738
7	700	0.138729
32	806	0.138688
18	294	0.138683
1	904	0.138437
31	389	0.138364
33	964	0.138348
7	634	0.138280
8	568	0.138129
25	796	0.137831
27	975	0.137609
19	796	0.137488
31	582	0.137443
6	754	0.137377
10	972	0.137330
39	221	0.137295
1	298	0.137292
18	740	0.137289
20	930	0.137218
6	212	0.136939
16	881	0.136902
5	673	0.136815
13	421	0.136796
18	568	0.136763
19	917	0.136734
19	143	0.136670
7	891	0.136650
33	594	0.136621
14	756	0.136599
39	248	0.136568
6	532	0.136329
31	806	0.136303
6	906	0.136249
26	575	0.136094
33	531	0.135870
37	402	0.135770
37	804	0.135621
39	662	0.135614
24	983	0.135461
19	724	0.135388
19	818	0.135185
33	121	0.135136
27	300	0.135055
14	274	0.135014
26	166	0.134780
33	845	0.134542
6	577	0.134246
25	844	0.134204
21	725	0.134200
22	259	0.134171
18	443	0.134084
25	664	0.134003
2	521	0.134001
19	770	0.133984
19	791	0.133949
30	389	0.133939
6	670	0.133741
27	403	0.133700
1	913	0.133529
1	667	0.133374
33	725	0.133230
6	531	0.133227
5	89	0.133060
19	108	0.132834
18	635	0.132819
5	905	0.132756
19	882	0.132683
11	756	0.132641
7	340	0.132474
15	863	0.132316
1	184	0.132208
33	553	0.132144
27	108	0.132038
37	248	0.132028
28	731	0.131981
6	698	0.131945
18	650	0.131765
27	984	0.131742
19	804	0.131048
2	941	0.130980
7	718	0.130949
6	598	0.130875
13	230	0.130674
18	349	0.130516
6	739	0.130419
25	642	0.130305
1	707	0.130265
36	457	0.130208
19	898	0.130162
27	899	0.130080
26	582	0.129986
6	774	0.129975
19	266	0.129940
33	698	0.129708
40	168	0.129620
5	904	0.129612
25	363	0.129572
8	964	0.129091
33	796	0.129008
13	91	0.128956
31	917	0.128776
1	557	0.128706
33	523	0.128686
32	981	0.128515
18	418	0.128415
29	724	0.128408
40	148	0.128378
6	471	0.128370
2	561	0.128306
19	510	0.128276
40	68	0.128252
7	122	0.128238
14	713	0.128004
29	560	0.127997
31	143	0.127932
10	538	0.127898
21	439	0.127786
2	13	0.127777
18	818	0.127588
7	832	0.127566
1	666	0.127552
20	608	0.127478
19	934	0.127360
33	403	0.127360
20	387	0.127303
33	821	0.127207
37	855	0.127057
19	157	0.127000
6	661	0.126940
18	926	0.126923
6	791	0.126799
7	997	0.126671
6	536	0.126519
25	400	0.126509
21	683	0.126459
37	146	0.126252
29	462	0.126230
7	715	0.126161
34	531	0.126073
19	595	0.125946
1	806	0.125789
7	414	0.125781
8	490	0.125624
18	65	0.125261
18	761	0.125159
19	115	0.124953
36	799	0.124901
4	30	0.124869
27	727	0.124797
36	548	0.124731
9	782	0.124725
23	398	0.124675
19	802	0.124584
6	909	0.124492
14	740	0.124457
19	538	0.124445
32	749	0.124415
12	698	0.124335
18	709	0.124301
21	340	0.124285
18	253	0.124227
8	971	0.124046
37	262	0.124028
13	72	0.123941
33	650	0.123847
31	300	0.123834
6	946	0.123806
21	800	0.123679
19	971	0.123648
22	520	0.123579
27	459	0.123559
27	491	0.123081
22	694	0.123039
21	867	0.123009
33	347	0.122720
19	459	0.122578
1	739	0.122504
27	770	0.122451
18	983	0.122349
18	2	0.122312
5	798	0.122291
19	881	0.122249
21	245	0.122248
1	926	0.122241
33	906	0.122239
8	796	0.122182
27	808	0.121944
33	107	0.121864
5	230	0.121815
27	855	0.121787
1	457	0.121687
32	809	0.121663
12	346	0.121652
26	306	0.121539
21	819	0.121534
2	972	0.121527
27	744	0.121500
1	700	0.121186
33	333	0.121142
34	745	0.121063
18	766	0.120951
27	862	0.120882
1	417	0.120857
7	402	0.120713
6	526	0.120701
19	851	0.120667
6	167	0.120584
9	770	0.120544
12	818	0.120505
18	622	0.120366
7	590	0.120316
13	855	0.120315
25	693	0.120275
34	551	0.120089
23	106	0.120058
6	386	0.120009
33	872	0.119889
23	986	0.119863
6	904	0.119803
6	523	0.119748
6	985	0.119700
6	873	0.119638
28	644	0.119603
20	797	0.119572
40	699	0.119479
18	70	0.119241
18	845	0.119216
33	547	0.119112
33	802	0.119014
7	687	0.118775
22	906	0.118763
40	707	0.118586
19	85	0.118579
15	973	0.118548
18	909	0.118512
11	340	0.118412
32	699	0.118407
18	612	0.118321
40	561	0.118241
19	92	0.118155
29	477	0.118111
19	790	0.118089
26	888	0.117998
17	362	0.117964
33	888	0.117826
9	531	0.117804
33	861	0.117802
26	179	0.117795
33	714	0.117714
40	131	0.117701
1	857	0.117666
18	355	0.117632
1	921	0.117172
33	972	0.117152
20	870	0.117030
6	487	0.116768
28	491	0.116762
11	862	0.116509
19	286	0.116483
7	177	0.116443
18	307	0.116379
18	147	0.116272
19	531	0.116198
34	927	0.116010
31	407	0.115719
26	380	0.115661
33	719	0.115611
36	943	0.115471
1	53	0.115434
19	808	0.115395
19	941	0.115153
1	434	0.115070
24	329	0.114868
8	982	0.114837
18	840	0.114686
6	882	0.114615
23	294	0.114394
25	971	0.114330
11	836	0.114320
18	454	0.114227
33	643	0.114209
33	790	0.114186
14	153	0.114181
25	670	0.114145
33	166	0.114000
6	581	0.113962
9	380	0.113944
33	947	0.113921
10	660	0.113910
26	963	0.113871
27	30	0.113849
40	683	0.113709
6	46	0.113608
37	786	0.113506
22	439	0.113501
19	622	0.113410
7	451	0.113371
19	253	0.113369
13	981	0.113221
23	407	0.113166
7	447	0.113132
1	94	0.113077
33	893	0.113074
8	15	0.113033
13	747	0.112958
7	669	0.112868
39	329	0.112717
31	573	0.112665
19	581	0.112608
5	70	0.112577
12	777	0.112537
17	782	0.112536
27	982	0.112495
19	995	0.112404
37	531	0.112377
1	917	0.112322
18	694	0.112201
1	422	0.112156
21	844	0.112077
11	450	0.112017
27	282	0.111969
1	530	0.111904
10	904	0.111903
26	906	0.111896
18	949	0.111801
6	975	0.111798
12	561	0.111793
19	727	0.111667
27	962	0.111650
6	340	0.111471
1	655	0.111470
37	364	0.111242
28	952	0.111238
32	573	0.111194
2	345	0.111170
27	80	0.111120
33	649	0.111119
23	882	0.111102
1	7	0.110869
7	645	0.110753
5	961	0.110728
37	351	0.110644
6	652	0.110553
21	106	0.110515
27	989	0.110472
9	577	0.110437
19	698	0.110379
27	473	0.110341
12	155	0.110287
6	941	0.110222
12	963	0.110118
10	431	0.109915
27	739	0.109777
15	706	0.109711
6	934	0.109493
29	541	0.109375
7	603	0.109344
19	402	0.109247
6	898	0.109174
33	971	0.109078
23	426	0.109030
18	698	0.108782
21	829	0.108773
20	798	0.108761
6	961	0.108719
2	598	0.108638
7	486	0.108598
33	740	0.108553
26	461	0.108541
6	159	0.108536
17	796	0.108441
6	19	0.108359
40	727	0.108328
1	163	0.108283
11	105	0.108205
33	982	0.108195
39	259	0.108165
23	340	0.108133
6	881	0.108131
5	762	0.108095
25	148	0.108063
31	340	0.108030
19	895	0.107943
19	780	0.107902
6	484	0.107767
2	791	0.107742
6	706	0.107704
33	782	0.107550
27	159	0.107533
25	123	0.107512
18	963	0.107467
33	104	0.107406
25	574	0.107328
6	1	0.107308
1	907	0.107292
31	547	0.107291
33	806	0.107257
37	385	0.107235
26	973	0.107183
8	438	0.107172
2	467	0.107156
34	737	0.107141
39	444	0.107111
27	917	0.107022
7	796	0.106908
7	896	0.106901
26	569	0.106900
39	219	0.106838
19	342	0.106709
25	759	0.106676
25	669	0.106642
6	267	0.106549
18	570	0.106343
18	597	0.106333
23	116	0.106263
33	611	0.106255
18	367	0.106220
23	612	0.106210
15	661	0.105916
6	556	0.105900
19	699	0.105826
33	702	0.105778
6	979	0.105722
2	506	0.105692
19	5	0.105667
27	858	0.105598
19	728	0.105591
10	759	0.105340
8	230	0.105300
18	904	0.105258
19	523	0.105172
2	546	0.105134
21	149	0.104991
33	599	0.104967
19	282	0.104945
21	666	0.104928
12	737	0.104822
31	796	0.104821
18	913	0.104762
18	896	0.104642
7	490	0.104614
28	170	0.104520
21	599	0.104515
10	116	0.104470
31	89	0.104449
31	859	0.104363
18	618	0.104355
19	518	0.104342
1	523	0.104308
21	855	0.104300
7	684	0.104155
31	984	0.104144
19	199	0.104083
6	757	0.103943
2	538	0.103875
25	689	0.103820
7	406	0.103813
19	946	0.103537
31	612	0.103440
6	529	0.103393
36	727	0.103383
1	180	0.103351
18	918	0.103340
19	59	0.103278
25	926	0.103233
1	713	0.103113
32	855	0.102988
19	49	0.102974
37	587	0.102958
6	782	0.102955
18	149	0.102937
27	399	0.102830
32	917	0.102814
5	980	0.102758
10	994	0.102731
39	307	0.102702
33	820	0.102658
27	556	0.102578
22	414	0.102407
33	862	0.102359
21	212	0.102356
27	881	0.102315
11	561	0.102228
28	793	0.102113
7	763	0.102087
40	409	0.102082
37	917	0.101978
29	855	0.101937
6	786	0.101912
33	708	0.101741
33	384	0.101704
33	793	0.101680
27	531	0.101650
6	557	0.101562
22	297	0.101542
7	508	0.101474
10	661	0.101420
18	922	0.101391
6	59	0.101346
15	591	0.101194
19	613	0.101165
26	981	0.101100
18	944	0.101054
9	110	0.100945
23	801	0.100937
9	872	0.100928
28	538	0.100904
1	620	0.100873
33	227	0.100780
11	167	0.100735
27	589	0.100720
33	941	0.100683
9	828	0.100627
37	695	0.100502
6	918	0.100450
19	80	0.100428
22	452	0.100314
26	644	0.100313
6	228	0.100092
18	906	0.099901
19	243	0.099888
27	538	0.099852
1	866	0.099764
11	342	0.099671
7	467	0.099606
29	879	0.099532
10	858	0.099417
6	1000	0.099372
6	148	0.099318
37	984	0.099223
36	174	0.099199
18	583	0.099153
32	556	0.098985
6	672	0.098905
27	148	0.098826
9	882	0.098744
7	976	0.098708
6	390	0.098677
18	569	0.098543
29	2	0.098483
6	251	0.098468
18	71	0.098354
19	121	0.098312
19	130	0.098296
19	355	0.098285
24	322	0.098228
30	881	0.098224
6	547	0.098183
19	919	0.098148
25	229	0.098095
2	523	0.098007
39	382	0.097935
7	560	0.097925
18	442	0.097898
21	130	0.097869
19	167	0.097866
27	873	0.097809
32	459	0.097802
14	350	0.097704
37	939	0.097671
32	737	0.097567
7	435	0.097439
40	909	0.097438
6	646	0.097379
1	372	0.097359
6	511	0.097239
39	856	0.097197
19	661	0.097132
7	463	0.097082
25	756	0.097011
19	962	0.096925
14	964	0.096771
10	963	0.096769
10	563	0.096757
18	807	0.096726
19	618	0.096717
18	167	0.096666
32	650	0.096556
23	325	0.096383
24	403	0.096334
27	599	0.096107
1	425	0.096021
27	853	0.096009
7	947	0.096002
13	345	0.095969
27	618	0.095919
27	622	0.095873
18	228	0.095851
24	855	0.095830
39	375	0.095690
14	620	0.095648
6	409	0.095561
18	693	0.095468
6	997	0.095391
24	9	0.095346
19	691	0.095282
6	110	0.095202
5	366	0.095154
6	170	0.095053
7	778	0.095051
19	976	0.095009
6	574	0.094960
8	538	0.094855
33	645	0.094818
32	19	0.094778
9	862	0.094735
34	896	0.094709
13	974	0.094596
32	334	0.094582
6	411	0.094480
19	454	0.094417
28	733	0.094335
23	934	0.094287
28	672	0.094235
1	346	0.094225
36	284	0.094199
6	233	0.094186
6	342	0.094112
6	707	0.094061
31	494	0.094050
13	286	0.094026
26	941	0.093921
18	492	0.093902
18	535	0.093845
27	15	0.093813
26	909	0.093753
12	516	0.093730
39	889	0.093561
32	768	0.093464
29	596	0.093400
18	841	0.093386
7	569	0.093350
18	863	0.093343
2	199	0.093329
18	917	0.093322
36	971	0.093287
25	182	0.093227
14	725	0.093128
24	534	0.093118
19	30	0.093019
6	428	0.092979
36	880	0.092968
18	803	0.092948
8	855	0.092938
37	754	0.092894
6	861	0.092789
19	821	0.092695
9	439	0.092617
7	701	0.092508
18	404	0.092407
19	767	0.092375
18	880	0.092366
18	170	0.092354
6	437	0.092322
8	501	0.092277
31	904	0.092072
33	606	0.092038
24	661	0.092034
18	751	0.092032
8	939	0.091869
26	615	0.091864
19	906	0.091785
1	886	0.091633
6	893	0.091549
6	509	0.091530
23	403	0.091429
18	978	0.091308
8	82	0.091243
32	165	0.091234
18	593	0.091185
31	255	0.091169
18	828	0.091167
19	867	0.091123
26	551	0.091106
2	631	0.090960
24	905	0.090925
12	492	0.090916
24	782	0.090904
37	266	0.090842
37	460	0.090790
28	269	0.090772
33	956	0.090771
33	647	0.090770
26	896	0.090682
18	236	0.090667
1	798	0.090650
8	786	0.090646
21	164	0.090419
19	983	0.090398
11	314	0.090328
1	535	0.090320
39	546	0.090256
5	855	0.090255
37	660	0.090184
6	919	0.090158
6	960	0.090057
13	859	0.089714
18	898	0.089636
6	568	0.089600
14	981	0.089528
5	782	0.089430
24	108	0.089384
19	129	0.089376
39	796	0.089359
18	169	0.089295
6	951	0.089049
19	599	0.089037
24	294	0.088987
7	149	0.088976
6	740	0.088956
6	820	0.088929
19	555	0.088843
1	653	0.088697
27	742	0.088626
18	923	0.088624
5	982	0.088609
2	461	0.088575
6	418	0.088521
26	671	0.088477
7	104	0.088360
14	974	0.088334
18	401	0.088274
33	923	0.088265
33	423	0.088255
6	613	0.088217
31	906	0.088210
18	649	0.088206
33	800	0.088165
36	891	0.088110
21	730	0.088007
27	8	0.087986
6	22	0.087791
6	845	0.087769
6	469	0.087731
6	724	0.087727
8	253	0.087690
27	905	0.087687
2	832	0.087600
24	459	0.087568
31	981	0.087504
6	660	0.087462
33	443	0.087457
11	718	0.087452
11	905	0.087442
26	175	0.087412
19	569	0.087402
21	930	0.087390
7	983	0.087380
26	982	0.087377
27	105	0.087365
18	408	0.087325
22	910	0.087274
2	356	0.087252
33	60	0.087125
36	930	0.086905
19	181	0.086871
1	727	0.086861
6	385	0.086825
36	461	0.086661
33	463	0.086608
6	673	0.086582
20	389	0.086555
18	575	0.086552
6	922	0.086524
2	946	0.086480
25	492	0.086453
27	895	0.086418
19	290	0.086416
18	587	0.086324
8	673	0.086264
14	148	0.086158
31	686	0.086147
36	625	0.086090
32	347	0.085965
19	476	0.085895
8	215	0.085823
14	782	0.085812
2	152	0.085807
1	177	0.085750
6	14	0.085667
24	699	0.085644
27	804	0.085593
19	403	0.085582
39	471	0.085524
13	216	0.085484
8	747	0.085405
6	806	0.085369
7	108	0.085344
9	537	0.085257
34	714	0.085220
6	808	0.085154
33	870	0.085051
36	926	0.085045
6	302	0.085008
19	563	0.084825
18	523	0.084816
39	953	0.084794
33	687	0.084793
18	333	0.084780
10	693	0.084495
12	983	0.084451
19	753	0.084441
18	347	0.084400
36	818	0.084348
19	926	0.084266
1	658	0.084226
19	562	0.084188
33	975	0.084162
26	635	0.084127
24	918	0.084106
39	766	0.084024
27	518	0.084023
18	459	0.084013
17	530	0.083997
6	602	0.083972
6	751	0.083963
6	153	0.083885
18	300	0.083843
19	931	0.083805
6	81	0.083714
13	66	0.083671
14	252	0.083651
25	795	0.083601
24	973	0.083494
5	700	0.083483
27	818	0.083436
6	972	0.083264
33	510	0.083262
37	943	0.083223
6	537	0.083208
33	249	0.083199
40	803	0.083137
18	728	0.083117
39	306	0.083110
19	345	0.083069
40	820	0.083059
18	511	0.083058
35	434	0.082992
32	287	0.082977
27	976	0.082944
26	756	0.082877
16	713	0.082786
2	591	0.082785
22	385	0.082776
19	548	0.082723
7	259	0.082699
6	3	0.082658
6	50	0.082630
12	937	0.082604
26	219	0.082575
7	500	0.082559
25	112	0.082521
24	384	0.082486
31	808	0.082409
2	354	0.082382
19	827	0.082348
8	840	0.082285
14	497	0.082279
9	131	0.082259
19	296	0.082255
7	724	0.082183
40	713	0.082089
15	570	0.081962
37	298	0.081944
12	791	0.081897
24	919	0.081807
6	799	0.081801
14	739	0.081615
40	473	0.081520
6	790	0.081515
19	667	0.081497
18	471	0.081471
5	550	0.081419
32	649	0.081335
33	797	0.081270
18	843	0.081214
7	736	0.081146
1	224	0.081136
18	516	0.080915
2	219	0.080902
5	647	0.080850
24	737	0.080706
33	695	0.080687
14	702	0.080623
6	738	0.080585
7	904	0.080501
2	103	0.080471
1	505	0.080466
18	734	0.080414
6	351	0.080382
19	938	0.080249
5	724	0.080198
6	995	0.080195
7	460	0.080167
13	539	0.080103
2	984	0.080087
6	534	0.080084
19	72	0.080038
12	770	0.080001
10	643	0.079929
29	982	0.079860
14	612	0.079793
14	526	0.079793
6	731	0.079772
6	116	0.079666
33	438	0.079640
29	673	0.079504
18	937	0.079484
25	862	0.079455
18	28	0.079437
31	963	0.079408
27	470	0.079285
19	719	0.079256
1	588	0.079253
9	660	0.079244
27	417	0.079124
1	723	0.079115
27	199	0.079087
6	647	0.079068
15	918	0.079061
24	672	0.079056
19	561	0.079041
6	516	0.079001
18	451	0.078995
19	416	0.078960
18	251	0.078954
19	271	0.078947
15	596	0.078918
6	229	0.078898
33	837	0.078888
6	644	0.078823
24	85	0.078815
1	924	0.078808
19	965	0.078771
18	881	0.078742
19	793	0.078666
32	796	0.078593
31	919	0.078549
33	715	0.078531
6	734	0.078530
18	338	0.078480
24	154	0.078475
21	994	0.078422
18	626	0.078403
6	375	0.078372
27	995	0.078354
19	208	0.078340
7	960	0.078328
18	797	0.078259
18	224	0.078215
34	209	0.078186
30	747	0.078181
7	117	0.078097
6	584	0.078093
32	984	0.078086
28	514	0.077962
12	225	0.077856
8	981	0.077830
28	224	0.077812
1	423	0.077800
31	982	0.077793
19	8	0.077616
31	12	0.077549
39	415	0.077520
6	467	0.077485
40	855	0.077483
19	913	0.077457
33	631	0.077395
24	612	0.077328
19	578	0.077216
2	710	0.077209
37	674	0.077194
6	473	0.077153
29	895	0.077122
20	467	0.077101
6	564	0.077026
6	404	0.077021
6	635	0.077015
7	827	0.076961
24	107	0.076927
40	558	0.076871
6	923	0.076869
1	262	0.076802
19	456	0.076713
11	981	0.076699
24	650	0.076694
39	523	0.076636
39	782	0.076615
33	627	0.076562
19	163	0.076473
18	837	0.076420
21	561	0.076272
19	473	0.076216
25	541	0.076185
14	935	0.076164
6	700	0.076159
1	983	0.076154
1	692	0.076154
33	568	0.076148
19	471	0.076135
6	570	0.076038
18	615	0.075930
31	551	0.075926
12	154	0.075925
17	557	0.075914
32	782	0.075836
21	445	0.075832
1	916	0.075819
22	792	0.075776
19	542	0.075728
19	820	0.075721
1	997	0.075719
33	269	0.075649
19	762	0.075568
18	830	0.075547
18	179	0.075486
31	10	0.075326
19	165	0.075248
26	999	0.075210
31	581	0.075034
18	476	0.075032
14	119	0.075024
19	386	0.074992
19	589	0.074990
19	744	0.074940
18	453	0.074911
27	946	0.074851
25	518	0.074822
31	973	0.074687
18	836	0.074626
19	742	0.074598
28	881	0.074596
19	673	0.074493
19	289	0.074465
6	949	0.074462
19	806	0.074395
12	165	0.074382
10	975	0.074335
14	123	0.074227
18	786	0.074203
9	614	0.074070
14	329	0.073976
30	748	0.073970
6	976	0.073926
18	264	0.073889
33	907	0.073888
18	530	0.073887
2	939	0.073825
6	717	0.073816
15	652	0.073810
33	717	0.073804
19	511	0.073774
19	928	0.073761
18	671	0.073733
25	699	0.073703
2	904	0.073696
17	748	0.073685
6	853	0.073639
6	719	0.073637
1	877	0.073591
19	909	0.073582
24	145	0.073512
33	525	0.073453
24	801	0.073439
39	562	0.073420
2	840	0.073286
6	671	0.073214
35	982	0.073183
32	667	0.073168
19	944	0.073130
26	859	0.073124
37	595	0.072965
39	115	0.072938
33	267	0.072894
18	314	0.072858
27	411	0.072843
6	840	0.072831
6	480	0.072801
6	310	0.072796
19	417	0.072752
19	516	0.072726
23	919	0.072680
37	919	0.072608
39	520	0.072589
26	558	0.072535
31	923	0.072481
6	249	0.072455
6	174	0.072418
14	352	0.072384
19	608	0.072334
19	828	0.072319
6	606	0.072274
40	681	0.072244
31	538	0.072216
39	935	0.072174
5	635	0.072169
26	70	0.072162
14	798	0.072089
2	540	0.072022
1	764	0.071956
17	661	0.071897
29	402	0.071882
18	646	0.071863
31	680	0.071854
19	858	0.071819
18	808	0.071726
39	964	0.071692
33	683	0.071671
19	740	0.071659
18	628	0.071640
32	949	0.071631
10	682	0.071553
6	431	0.071516
14	810	0.071507
18	581	0.071444
26	399	0.071440
33	6	0.071414
6	108	0.071319
31	397	0.071279
15	583	0.071272
9	606	0.071223
13	394	0.071218
19	568	0.071181
7	926	0.071155
7	614	0.071130
7	785	0.071091
33	108	0.071065
34	711	0.071061
19	853	0.070972
37	475	0.070950
21	355	0.070854
31	964	0.070843
33	478	0.070764
7	909	0.070752
33	996	0.070751
18	960	0.070731
30	436	0.070710
19	689	0.070637
19	533	0.070608
39	570	0.070592
39	699	0.070587
18	664	0.070547
27	510	0.070539
6	357	0.070524
13	916	0.070505
18	537	0.070490
29	146	0.070460
14	734	0.070441
18	280	0.070345
6	442	0.070326
37	941	0.070262
33	414	0.070221
19	963	0.070179
25	967	0.070067
18	104	0.070011
25	980	0.069952
35	886	0.069932
39	107	0.069920
19	252	0.069849
7	819	0.069825
33	429	0.069626
19	880	0.069603
18	286	0.069564
33	174	0.069502
19	434	0.069449
6	355	0.069358
6	830	0.069354
27	750	0.069344
33	189	0.069329
33	451	0.069288
18	719	0.069246
14	429	0.069246
18	60	0.069193
1	249	0.069158
6	530	0.068998
27	661	0.068985
6	863	0.068947
19	955	0.068915
1	467	0.068829
26	975	0.068827
26	267	0.068752
14	228	0.068732
19	918	0.068721
28	643	0.068691
25	608	0.068598
37	285	0.068580
19	758	0.068357
19	509	0.068340
7	895	0.068252
33	257	0.068218
19	844	0.068163
18	979	0.068100
9	445	0.068075
19	989	0.068037
19	750	0.067932
32	921	0.067843
27	511	0.067834
12	921	0.067785
27	288	0.067709
15	252	0.067693
2	724	0.067651
5	542	0.067605
21	589	0.067581
19	615	0.067547
14	501	0.067480
29	434	0.067409
6	809	0.067368
19	873	0.067344
37	666	0.067344
7	476	0.067264
28	635	0.067241
31	348	0.067156
31	345	0.067107
6	599	0.067089
11	538	0.067032
19	765	0.067013
20	434	0.066967
8	18	0.066955
13	18	0.066955
6	888	0.066952
27	286	0.066940
14	956	0.066939
40	971	0.066900
6	727	0.066878
26	108	0.066874
24	454	0.066858
2	971	0.066789
2	886	0.066761
17	445	0.066733
39	904	0.066730
19	711	0.066713
39	754	0.066676
39	469	0.066663
25	622	0.066620
26	867	0.066573
14	499	0.066563
17	542	0.066485
31	25	0.066450
27	581	0.066379
2	694	0.066328
40	424	0.066265
28	540	0.066248
2	483	0.066197
1	362	0.066147
1	796	0.066136
17	926	0.066115
18	645	0.066111
7	513	0.066105
1	612	0.066086
19	643	0.065951
18	758	0.065938
6	793	0.065929
18	405	0.065903
18	744	0.065805
13	946	0.065649
19	623	0.065627
9	700	0.065614
32	427	0.065567
33	767	0.065498
25	720	0.065486
13	955	0.065477
2	782	0.065474
16	919	0.065399
27	876	0.065374
24	487	0.065355
32	957	0.065330
5	796	0.065320
19	477	0.065317
36	796	0.065296
29	962	0.065130
21	709	0.064992
6	694	0.064971
37	866	0.064917
33	883	0.064905
18	417	0.064868
18	921	0.064867
13	82	0.064760
31	398	0.064749
9	855	0.064728
39	467	0.064714
19	879	0.064707
7	869	0.064692
19	214	0.064660
18	599	0.064640
18	713	0.064526
18	727	0.064499
8	906	0.064433
25	867	0.064433
39	652	0.064361
6	328	0.064291
10	104	0.064277
7	524	0.064229
19	763	0.064226
19	980	0.064155
18	927	0.064141
18	555	0.064125
6	963	0.064118
33	129	0.064020
40	783	0.063837
2	364	0.063731
29	74	0.063720
14	487	0.063703
31	488	0.063645
2	549	0.063597
19	487	0.063589
17	608	0.063447
19	431	0.063326
19	391	0.063318
19	891	0.063272
12	81	0.063253
33	857	0.063248
12	159	0.063239
8	394	0.063221
12	982	0.063041
13	221	0.063039
18	362	0.063012
1	138	0.062969
20	432	0.062958
19	947	0.062936
26	991	0.062910
24	453	0.062866
14	484	0.062857
20	643	0.062825
18	832	0.062779
10	832	0.062716
28	880	0.062665
39	181	0.062616
33	973	0.062482
6	803	0.062413
36	881	0.062386
8	782	0.062329
10	631	0.062293
17	568	0.062258
34	506	0.062237
19	173	0.062232
6	96	0.062226
33	518	0.062195
27	490	0.062173
27	380	0.062154
23	146	0.062152
31	975	0.062150
31	652	0.062083
6	702	0.062063
19	649	0.061856
24	480	0.061855
7	784	0.061848
18	687	0.061832
6	197	0.061823
6	434	0.061799
18	434	0.061741
6	401	0.061647
39	561	0.061590
13	898	0.061565
39	973	0.061564
19	547	0.061564
39	995	0.061454
6	763	0.061447
19	782	0.061444
32	898	0.061440
2	978	0.061438
34	979	0.061426
18	868	0.061416
18	723	0.061394
8	734	0.061313
19	540	0.061303
19	411	0.061175
9	916	0.061123
27	699	0.061113
37	973	0.061092
19	154	0.061025
6	683	0.060988
33	400	0.060986
5	207	0.060979
19	557	0.060950
6	545	0.060910
18	386	0.060910
18	643	0.060873
19	664	0.060801
25	910	0.060783
7	481	0.060781
19	845	0.060775
19	370	0.060662
4	796	0.060652
33	703	0.060644
8	282	0.060638
40	786	0.060637
19	707	0.060621
33	764	0.060608
6	987	0.060603
19	468	0.060600
19	645	0.060559
10	707	0.060519
23	887	0.060510
1	837	0.060483
27	828	0.060467
19	817	0.060442
39	851	0.060407
7	530	0.060401
1	208	0.060385
33	835	0.060343
11	859	0.060277
19	304	0.060270
19	660	0.060215
6	371	0.060213
24	561	0.060194
33	179	0.060157
33	64	0.060133
7	994	0.060127
6	944	0.060122
23	796	0.060118
7	674	0.060092
40	654	0.060065
6	868	0.060018
12	206	0.059991
6	65	0.059972
29	510	0.059876
7	620	0.059802
8	229	0.059750
37	390	0.059740
2	739	0.059689
31	282	0.059680
6	624	0.059627
29	647	0.059574
27	602	0.059551
30	975	0.059518
24	608	0.059517
26	561	0.059499
1	464	0.059451
6	968	0.059439
27	827	0.059430
26	241	0.059409
6	643	0.059386
6	907	0.059295
27	802	0.059262
19	959	0.059171
27	820	0.059011
20	903	0.058893
27	717	0.058842
12	808	0.058818
27	667	0.058811
32	476	0.058799
24	971	0.058789
39	747	0.058779
32	531	0.058761
19	39	0.058754
6	657	0.058743
7	550	0.058741
6	928	0.058734
18	218	0.058718
2	924	0.058709
6	645	0.058707
19	273	0.058619
33	961	0.058600
18	440	0.058585
19	921	0.058531
5	608	0.058529
1	148	0.058501
13	982	0.058496
2	659	0.058466
6	195	0.058466
1	957	0.058438
19	803	0.058424
1	665	0.058420
33	122	0.058403
2	568	0.058388
22	389	0.058312
40	431	0.058270
8	561	0.058235
37	148	0.058178
18	506	0.058064
21	740	0.058052
24	833	0.058018
1	740	0.058013
2	804	0.057976
5	177	0.057975
26	827	0.057946
26	536	0.057944
32	702	0.057936
33	804	0.057919
33	826	0.057913
18	343	0.057908
18	798	0.057838
23	295	0.057836
27	793	0.057755
19	672	0.057716
22	723	0.057683
24	774	0.057618
6	150	0.057609
7	793	0.057404
1	388	0.057371
21	602	0.057353
24	925	0.057338
7	532	0.057337
6	99	0.057310
21	386	0.057243
6	30	0.057238
39	895	0.057197
31	80	0.057186
37	163	0.057092
33	401	0.056997
6	896	0.056975
18	763	0.056899
24	720	0.056831
16	628	0.056829
21	804	0.056732
19	481	0.056727
14	949	0.056655
14	11	0.056613
7	292	0.056611
2	123	0.056577
2	713	0.056553
33	164	0.056521
31	739	0.056520
1	272	0.056516
11	723	0.056504
15	2	0.056461
2	573	0.056460
6	871	0.056449
27	918	0.056384
31	873	0.056380
5	434	0.056335
17	727	0.056239
5	333	0.056198
29	333	0.056198
31	950	0.056190
39	583	0.056161
1	269	0.056105
28	920	0.056097
39	68	0.056093
19	401	0.055958
19	927	0.055859
27	640	0.055842
5	983	0.055818
40	878	0.055794
19	683	0.055783
6	39	0.055694
39	477	0.055692
12	892	0.055681
31	108	0.055615
27	208	0.055558
33	727	0.055488
25	922	0.055478
6	902	0.055443
18	66	0.055443
18	551	0.055428
25	487	0.055428
19	652	0.055354
37	610	0.055321
9	982	0.055294
12	782	0.055274
6	989	0.055268
31	531	0.055244
18	975	0.055124
5	543	0.055058
19	872	0.055003
6	163	0.054973
27	759	0.054963
24	155	0.054952
6	926	0.054942
32	818	0.054936
26	808	0.054932
37	538	0.054892
19	513	0.054870
33	763	0.054820
40	673	0.054772
24	990	0.054706
25	815	0.054697
18	910	0.054683
6	618	0.054638
31	78	0.054532
33	653	0.054493
31	491	0.054417
7	542	0.054396
1	476	0.054366
21	737	0.054348
15	731	0.054298
18	652	0.054293
19	536	0.054288
19	978	0.054278
24	881	0.054253
20	799	0.054240
29	808	0.054231
7	400	0.054230
24	531	0.054210
24	574	0.054189
19	545	0.054188
2	286	0.054174
33	425	0.054171
27	349	0.054135
19	291	0.054064
39	264	0.054055
26	403	0.054044
13	562	0.053999
23	534	0.053939
1	356	0.053870
8	179	0.053823
11	711	0.053789
27	445	0.053706
2	943	0.053684
6	254	0.053668
26	490	0.053490
18	929	0.053479
5	371	0.053435
31	148	0.053413
37	380	0.053412
19	754	0.053410
18	542	0.053401
7	661	0.053384
6	920	0.053333
40	848	0.053325
6	770	0.053296
6	125	0.053277
33	974	0.053247
40	719	0.053239
19	299	0.053220
6	410	0.053205
1	644	0.053162
6	575	0.053112
6	346	0.053097
27	454	0.053066
34	976	0.053064
19	314	0.052999
25	803	0.052957
10	740	0.052952
27	700	0.052933
6	591	0.052881
36	674	0.052863
27	758	0.052777
19	609	0.052776
27	811	0.052739
7	745	0.052736
7	444	0.052715
26	545	0.052680
6	336	0.052643
6	835	0.052525
19	958	0.052504
10	657	0.052488
14	622	0.052453
7	551	0.052421
27	263	0.052402
1	815	0.052367
17	981	0.052365
34	971	0.052316
12	855	0.052280
18	390	0.052262
19	717	0.052260
6	454	0.052082
24	445	0.052064
6	681	0.052039
19	811	0.052025
18	706	0.052008
19	700	0.051984
1	581	0.051914
18	178	0.051908
19	897	0.051860
14	230	0.051806
6	956	0.051764
18	834	0.051755
29	531	0.051731
33	588	0.051728
13	531	0.051700
11	795	0.051687
18	715	0.051685
31	88	0.051662
27	707	0.051640
6	248	0.051635
26	238	0.051523
6	713	0.051502
6	165	0.051480
7	271	0.051478
31	862	0.051468
14	737	0.051462
33	449	0.051439
15	974	0.051414
25	596	0.051377
39	51	0.051318
14	963	0.051298
14	286	0.051225
27	516	0.051187
33	102	0.051109
14	615	0.051085
36	148	0.051083
18	811	0.051043
6	208	0.051033
16	249	0.050990
13	490	0.050978
6	878	0.050961
5	445	0.050929
32	157	0.050879
6	415	0.050820
18	127	0.050794
2	266	0.050734
20	529	0.050733
19	526	0.050707
19	556	0.050681
18	346	0.050666
18	869	0.050645
1	643	0.050617
33	405	0.050571
23	2	0.050550
31	770	0.050511
19	997	0.050469
31	20	0.050465
6	569	0.050459
36	33	0.050451
19	798	0.050446
6	377	0.050358
32	81	0.050304
5	538	0.050280
6	829	0.050266
26	998	0.050265
31	577	0.050246
40	691	0.050209
1	536	0.050207
19	752	0.050160
18	466	0.050132
26	699	0.050121
7	852	0.050115
39	215	0.050105
12	509	0.050101
8	445	0.050096
27	879	0.050058
40	147	0.050027
6	815	0.049944
25	452	0.049869
19	626	0.049845
29	927	0.049784
19	244	0.049749
18	217	0.049743
6	146	0.049732
6	376	0.049723
1	831	0.049620
26	236	0.049619
33	616	0.049515
19	179	0.049506
37	365	0.049491
19	769	0.049475
23	148	0.049455
13	759	0.049440
19	893	0.049435
32	915	0.049355
1	550	0.049342
37	616	0.049337
2	790	0.049329
31	921	0.049326
19	951	0.049325
11	847	0.049209
7	618	0.049208
27	719	0.049203
18	636	0.049200
6	512	0.049188
14	671	0.049151
27	486	0.049149
32	909	0.049142
33	672	0.049105
27	971	0.049103
31	165	0.049085
27	963	0.049082
12	750	0.049028
6	974	0.049018
23	89	0.049015
6	622	0.049006
7	30	0.048991
2	509	0.048979
14	608	0.048945
33	440	0.048943
6	161	0.048933
5	570	0.048803
19	795	0.048798
33	815	0.048772
36	66	0.048754
18	802	0.048741
13	734	0.048714
2	759	0.048697
6	892	0.048695
6	761	0.048667
24	982	0.048640
18	936	0.048621
7	446	0.048616
9	296	0.048615
6	555	0.048583
24	563	0.048561
25	96	0.048558
18	747	0.048542
31	926	0.048522
19	263	0.048515
18	873	0.048511
18	162	0.048495
33	962	0.048479
6	921	0.048365
11	941	0.048341
22	805	0.048295
21	796	0.048282
24	418	0.048275
19	857	0.048239
36	30	0.048224
40	277	0.048221
14	570	0.048185
7	417	0.048184
28	229	0.048182
11	965	0.048172
13	37	0.048138
19	646	0.048124
21	909	0.048119
25	909	0.048118
40	823	0.048088
6	980	0.048074
19	968	0.048063
30	922	0.048038
11	472	0.048021
19	854	0.047973
7	342	0.047950
6	269	0.047942
32	450	0.047924
19	530	0.047882
36	793	0.047877
19	307	0.047850
24	887	0.047847
19	888	0.047846
11	878	0.047845
36	687	0.047813
25	878	0.047793
31	983	0.047788
34	290	0.047788
6	585	0.047756
25	665	0.047747
2	661	0.047746
33	921	0.047686
2	385	0.047670
18	792	0.047648
6	450	0.047613
19	702	0.047576
6	489	0.047473
8	799	0.047402
15	887	0.047376
8	555	0.047372
19	272	0.047361
19	61	0.047267
19	671	0.047257
13	647	0.047216
18	630	0.047195
6	122	0.047189
23	909	0.047185
6	481	0.047176
6	402	0.047112
25	661	0.047077
31	936	0.047071
24	989	0.047006
10	30	0.046963
33	685	0.046944
21	881	0.046924
19	349	0.046910
6	965	0.046898
25	685	0.046895
24	490	0.046866
26	568	0.046852
9	608	0.046821
7	981	0.046783
18	592	0.046717
33	520	0.046624
6	562	0.046545
11	917	0.046516
9	813	0.046485
21	523	0.046467
18	574	0.046448
18	685	0.046302
18	756	0.046300
15	368	0.046284
31	248	0.046185
33	97	0.046181
6	417	0.046148
18	5	0.046123
19	491	0.046077
18	862	0.046075
6	34	0.046001
18	739	0.045966
2	536	0.045962
18	512	0.045920
6	406	0.045880
27	360	0.045858
18	249	0.045858
39	759	0.045840
40	959	0.045771
18	332	0.045766
19	832	0.045752
13	796	0.045698
22	822	0.045676
11	710	0.045660
18	436	0.045502
32	622	0.045396
19	560	0.045396
18	425	0.045390
6	837	0.045307
19	604	0.045283
18	733	0.045232
6	333	0.045219
7	433	0.045141
5	939	0.045131
34	333	0.045067
18	363	0.045049
13	904	0.045029
33	566	0.045002
18	707	0.044986
33	161	0.044963
7	636	0.044958
2	683	0.044945
19	910	0.044901
13	407	0.044845
34	805	0.044830
27	645	0.044811
39	963	0.044806
18	872	0.044778
21	673	0.044735
18	942	0.044692
19	843	0.044682
19	870	0.044643
37	767	0.044627
39	981	0.044625
14	961	0.044607
1	679	0.044595
33	684	0.044584
39	941	0.044551
40	117	0.044532
33	446	0.044509
18	754	0.044504
28	521	0.044483
18	328	0.044472
33	399	0.044446
26	346	0.044446
19	275	0.044431
39	804	0.044375
1	470	0.044357
27	370	0.044336
5	837	0.044321
6	800	0.044295
27	913	0.044287
5	476	0.044267
6	890	0.044257
19	380	0.044164
34	79	0.044135
13	77	0.044105
36	362	0.044081
6	440	0.044065
24	286	0.044035
27	434	0.044023
1	875	0.043972
33	786	0.043965
18	857	0.043926
24	786	0.043894
32	808	0.043838
33	543	0.043785
1	545	0.043756
26	693	0.043754
19	288	0.043739
19	922	0.043714
7	881	0.043595
33	458	0.043487
18	589	0.043394
18	703	0.043373
27	974	0.043365
40	919	0.043298
19	602	0.043251
13	329	0.043230
19	441	0.043225
25	470	0.043223
31	960	0.043148
27	557	0.043138
19	338	0.043100
21	562	0.043084
27	754	0.042951
27	482	0.042935
33	21	0.042888
24	50	0.042878
18	285	0.042806
18	524	0.042802
19	202	0.042786
10	29	0.042671
19	346	0.042641
25	975	0.042627
7	336	0.042603
16	425	0.042598
18	691	0.042512
6	767	0.042500
27	762	0.042470
13	592	0.042434
1	513	0.042421
19	863	0.042388
5	713	0.042351
19	379	0.042291
9	821	0.042186
12	685	0.042183
1	845	0.042181
27	203	0.042168
23	1	0.042157
19	635	0.042148
4	694	0.042080
27	471	0.042058
37	808	0.042053
33	88	0.042017
33	619	0.041926
19	715	0.041920
20	844	0.041909
33	470	0.041907
19	470	0.041872
2	426	0.041861
31	788	0.041837
33	894	0.041819
23	946	0.041769
1	420	0.041755
24	301	0.041755
18	996	0.041721
19	396	0.041719
6	826	0.041712
18	500	0.041696
13	2	0.041694
1	891	0.041660
8	808	0.041659
19	400	0.041625
6	667	0.041548
14	971	0.041526
36	509	0.041523
31	995	0.041490
1	765	0.041484
19	886	0.041472
18	498	0.041455
19	816	0.041427
6	53	0.041402
2	53	0.041391
32	501	0.041376
10	414	0.041365
19	861	0.041312
14	248	0.041276
2	830	0.041264
33	661	0.041233
33	978	0.041231
1	195	0.041223
19	772	0.041202
19	508	0.041200
19	896	0.041195
31	459	0.041186
1	129	0.041137
34	980	0.041106
33	843	0.041072
11	293	0.041062
11	460	0.041059
19	274	0.041059
13	215	0.041022
19	366	0.041011
36	966	0.041010
19	866	0.040985
33	618	0.040976
28	766	0.040809
33	918	0.040791
27	572	0.040784
29	876	0.040711
31	855	0.040702
22	108	0.040625
27	39	0.040603
6	936	0.040542
33	922	0.040380
1	336	0.040345
15	414	0.040337
19	550	0.040327
22	492	0.040313
17	569	0.040295
33	770	0.040252
37	881	0.040226
7	783	0.040150
27	630	0.040136
19	99	0.040097
6	459	0.040066
20	439	0.040037
7	884	0.039985
6	794	0.039935
18	970	0.039929
18	1000	0.039923
40	436	0.039863
19	709	0.039816
25	2	0.039758
18	800	0.039751
7	230	0.039689
10	93	0.039648
33	530	0.039646
14	610	0.039589
2	754	0.039566
6	292	0.039548
19	229	0.039478
34	782	0.039465
6	747	0.039445
33	17	0.039431
33	646	0.039422
25	776	0.039406
40	445	0.039354
6	583	0.039333
18	580	0.039298
5	531	0.039294
12	270	0.039288
40	440	0.039223
34	611	0.039220
31	167	0.039212
19	302	0.039210
19	640	0.039117
18	550	0.039098
2	351	0.039091
18	365	0.039068
24	339	0.039045
2	439	0.039044
6	491	0.038985
31	326	0.038964
22	376	0.038938
6	290	0.038924
25	413	0.038922
15	413	0.038922
7	418	0.038903
2	288	0.038890
15	501	0.038844
33	434	0.038834
32	711	0.038825
18	161	0.038737
19	681	0.038731
24	501	0.038709
31	771	0.038681
6	780	0.038671
39	661	0.038670
18	488	0.038668
19	915	0.038648
6	554	0.038639
19	751	0.038609
6	978	0.038602
19	974	0.038561
13	570	0.038524
6	708	0.038490
6	553	0.038468
19	812	0.038452
28	504	0.038428
39	416	0.038406
18	861	0.038398
24	491	0.038365
6	927	0.038361
19	829	0.038292
27	854	0.038255
19	228	0.038236
6	865	0.038226
6	201	0.038191
36	545	0.038128
27	809	0.038118
19	676	0.038103
34	454	0.038065
28	913	0.038059
1	5	0.038044
6	476	0.038010
18	804	0.037956
31	23	0.037904
19	6	0.037900
14	650	0.037896
6	753	0.037839
5	405	0.037828
31	874	0.037807
26	164	0.037799
20	913	0.037709
23	387	0.037660
19	961	0.037643
18	935	0.037636
6	488	0.037626
39	508	0.037596
11	478	0.037585
8	784	0.037560
6	107	0.037515
11	725	0.037485
33	192	0.037480
31	518	0.037449
19	423	0.037415
6	422	0.037412
15	832	0.037401
2	511	0.037384
27	623	0.037359
19	907	0.037356
19	576	0.037289
21	780	0.037284
13	561	0.037284
26	425	0.037258
33	125	0.037240
19	469	0.037209
36	740	0.037206
33	612	0.037190
27	51	0.037177
12	598	0.037095
19	860	0.037060
19	19	0.037051
24	219	0.037010
19	986	0.036993
18	961	0.036958
19	478	0.036957
22	740	0.036951
28	177	0.036933
6	475	0.036931
37	257	0.036897
28	647	0.036891
31	647	0.036868
27	965	0.036865
7	740	0.036842
19	650	0.036749
2	867	0.036726
8	654	0.036659
27	978	0.036566
19	634	0.036564
7	846	0.036523
6	832	0.036440
19	937	0.036429
31	754	0.036411
11	520	0.036390
6	203	0.036381
33	692	0.036373
9	561	0.036345
19	565	0.036337
19	979	0.036319
6	886	0.036302
34	558	0.036230
20	490	0.036220
6	843	0.036219
24	970	0.036142
19	865	0.036111
24	316	0.036065
18	23	0.036053
37	761	0.036023
6	664	0.036023
18	977	0.036012
24	851	0.036009
8	7	0.036009
10	773	0.035926
24	282	0.035919
6	485	0.035915
6	778	0.035893
25	834	0.035878
19	899	0.035843
6	650	0.035831
28	798	0.035756
6	964	0.035748
23	912	0.035720
6	252	0.035698
27	464	0.035683
29	384	0.035679
39	369	0.035654
31	473	0.035653
31	965	0.035645
2	87	0.035614
39	80	0.035609
39	572	0.035605
2	854	0.035595
24	333	0.035590
1	568	0.035543
8	585	0.035511
31	932	0.035492
24	719	0.035485
37	450	0.035463
29	776	0.035400
18	521	0.035357
18	74	0.035327
23	983	0.035284
7	741	0.035210
19	295	0.035171
6	102	0.035168
8	647	0.035131
32	767	0.035112
19	12	0.034975
39	667	0.034916
6	48	0.034910
12	462	0.034910
6	848	0.034841
18	902	0.034825
7	81	0.034799
39	896	0.034658
19	406	0.034630
27	5	0.034598
6	149	0.034565
27	252	0.034553
20	982	0.034514
21	574	0.034476
6	958	0.034474
6	518	0.034467
32	631	0.034426
1	748	0.034418
32	672	0.034413
6	230	0.034410
31	724	0.034394
9	844	0.034347
18	700	0.034331
15	260	0.034304
6	438	0.034284
18	795	0.034271
23	661	0.034227
23	719	0.034211
23	140	0.034211
6	519	0.034208
19	932	0.034207
27	295	0.034115
19	426	0.034094
31	661	0.034086
36	837	0.034070
6	105	0.034065
5	604	0.034026
19	809	0.033976
1	808	0.033950
6	704	0.033945
6	572	0.033894
13	10	0.033863
39	859	0.033858
6	836	0.033837
6	880	0.033832
26	462	0.033802
5	469	0.033763
31	286	0.033757
12	792	0.033740
14	806	0.033728
25	921	0.033693
1	969	0.033680
39	621	0.033680
19	422	0.033675
13	926	0.033670
20	707	0.033641
5	847	0.033616
7	586	0.033587
7	651	0.033582
25	786	0.033563
27	551	0.033541
6	828	0.033494
24	734	0.033489
1	496	0.033475
28	495	0.033466
27	314	0.033445
13	271	0.033441
18	528	0.033428
19	730	0.033397
14	351	0.033397
26	167	0.033325
18	791	0.033229
6	112	0.033228
23	648	0.033226
27	608	0.033182
19	453	0.033098
40	99	0.033018
27	763	0.033001
32	864	0.032975
18	905	0.032966
27	663	0.032965
27	731	0.032949
27	798	0.032930
10	611	0.032875
18	826	0.032870
28	225	0.032822
33	431	0.032804
19	628	0.032791
19	147	0.032772
15	808	0.032768
6	330	0.032747
19	890	0.032732
31	310	0.032692
8	759	0.032691
6	827	0.032654
6	51	0.032633
33	634	0.032630
13	261	0.032600
40	897	0.032552
27	129	0.032541
9	698	0.032538
19	161	0.032521
6	743	0.032511
10	487	0.032469
39	557	0.032449
26	782	0.032448
36	868	0.032447
24	148	0.032311
19	9	0.032308
12	9	0.032308
37	672	0.032248
2	159	0.032210
20	367	0.032177
14	787	0.032169
18	112	0.032153
2	445	0.032128
6	535	0.032125
13	735	0.032094
32	491	0.032083
6	977	0.032030
31	809	0.032028
37	290	0.032022
31	881	0.032004
32	182	0.032004
39	881	0.031990
6	769	0.031914
11	881	0.031870
18	603	0.031867
18	545	0.031767
25	979	0.031758
15	546	0.031737
33	242	0.031682
27	60	0.031675
6	764	0.031655
26	286	0.031648
6	495	0.031638
27	201	0.031638
19	610	0.031608
27	477	0.031599
10	490	0.031570
31	2	0.031548
37	165	0.031542
31	759	0.031357
19	826	0.031345
14	459	0.031323
2	910	0.031310
28	221	0.031274
14	368	0.031267
24	422	0.031205
19	823	0.031178
24	160	0.031171
15	531	0.031149
40	396	0.031133
21	973	0.031127
24	934	0.031098
18	402	0.031092
27	753	0.031086
30	878	0.031031
39	959	0.030977
27	147	0.030957
6	100	0.030950
12	333	0.030942
7	922	0.030929
6	929	0.030913
18	654	0.030901
39	163	0.030897
19	66	0.030887
19	464	0.030885
24	975	0.030875
31	672	0.030843
39	753	0.030840
27	404	0.030825
1	848	0.030809
27	882	0.030786
6	520	0.030688
33	713	0.030668
30	599	0.030664
15	409	0.030637
6	913	0.030632
18	136	0.030619
27	355	0.030609
26	146	0.030609
18	282	0.030581
33	656	0.030580
39	691	0.030561
32	42	0.030546
31	699	0.030519
24	521	0.030513
27	540	0.030501
7	653	0.030462
18	123	0.030457
39	818	0.030444
26	39	0.030418
9	924	0.030417
19	60	0.030400
26	498	0.030387
40	646	0.030374
18	675	0.030369
19	333	0.030369
18	928	0.030367
26	30	0.030269
6	765	0.030253
8	247	0.030240
39	160	0.030225
18	907	0.030219
27	595	0.030163
18	647	0.030153
27	796	0.030108
18	232	0.030088
10	401	0.030060
6	688	0.030050
1	590	0.029989
40	973	0.029979
28	981	0.029971
10	976	0.029963
6	223	0.029951
29	451	0.029905
6	792	0.029900
32	940	0.029848
19	549	0.029846
5	612	0.029845
33	848	0.029832
27	889	0.029830
24	939	0.029777
31	915	0.029739
6	435	0.029734
24	968	0.029727
1	6	0.029724
31	445	0.029709
6	897	0.029706
15	249	0.029667
1	803	0.029638
18	290	0.029617
24	901	0.029579
9	104	0.029561
19	597	0.029523
24	126	0.029504
24	909	0.029437
4	747	0.029430
27	165	0.029427
37	747	0.029417
31	974	0.029397
1	782	0.029371
31	349	0.029339
31	775	0.029278
24	947	0.029272
18	380	0.029226
31	134	0.029220
6	478	0.029196
37	237	0.029157
31	985	0.029155
11	823	0.029149
31	130	0.029148
6	744	0.029137
22	4	0.029102
19	365	0.029087
11	615	0.029075
28	7	0.028991
24	163	0.028951
11	997	0.028946
11	508	0.028942
17	545	0.028937
25	754	0.028919
34	852	0.028914
6	166	0.028910
15	744	0.028840
6	15	0.028763
6	549	0.028721
24	635	0.028683
19	378	0.028644
40	425	0.028642
31	208	0.028618
32	342	0.028591
11	903	0.028558
14	689	0.028543
19	567	0.028540
19	799	0.028515
1	453	0.028496
19	864	0.028468
27	570	0.028434
18	474	0.028412
15	980	0.028329
19	713	0.028323
24	686	0.028283
5	561	0.028266
5	152	0.028255
33	697	0.028242
19	150	0.028238
20	104	0.028200
25	672	0.028184
19	354	0.028174
14	888	0.028154
19	219	0.028151
36	492	0.028100
6	296	0.028090
26	979	0.028071
19	65	0.028048
18	517	0.028011
1	146	0.028008
19	197	0.027992
27	922	0.027962
23	600	0.027930
6	72	0.027917
39	717	0.027898
32	608	0.027860
18	871	0.027853
7	568	0.027842
26	345	0.027829
10	913	0.027805
19	520	0.027805
19	15	0.027800
6	280	0.027795
8	355	0.027776
18	681	0.027756
18	596	0.027746
6	362	0.027723
18	292	0.027723
24	806	0.027678
33	229	0.027661
32	936	0.027648
6	383	0.027633
19	871	0.027632
9	530	0.027612
6	943	0.027540
9	906	0.027513
19	82	0.027467
31	566	0.027466
6	857	0.027410
24	2	0.027372
33	844	0.027357
18	701	0.027349
32	865	0.027341
12	193	0.027321
27	711	0.027313
7	681	0.027301
33	628	0.027292
11	798	0.027271
13	923	0.027266
34	386	0.027147
31	259	0.027117
1	747	0.027070
24	698	0.027052
7	693	0.027031
21	121	0.027022
6	224	0.027021
2	346	0.027014
13	79	0.027008
27	715	0.026980
18	823	0.026964
31	591	0.026956
12	536	0.026875
23	163	0.026866
32	881	0.026848
6	524	0.026827
27	772	0.026816
31	803	0.026812
27	906	0.026799
40	499	0.026794
39	174	0.026735
25	433	0.026662
19	964	0.026653
6	850	0.026643
33	679	0.026611
29	804	0.026600
6	735	0.026593
5	221	0.026593
22	574	0.026508
32	963	0.026470
6	283	0.026410
11	8	0.026408
37	476	0.026405
33	852	0.026397
18	745	0.026366
19	835	0.026314
12	656	0.026314
32	507	0.026311
14	649	0.026302
14	815	0.026260
5	418	0.026245
1	285	0.026240
10	634	0.026225
1	433	0.026192
6	970	0.026160
33	979	0.026158
6	966	0.026155
31	30	0.026149
6	838	0.026113
19	217	0.026104
1	791	0.026095
11	269	0.026083
6	611	0.026017
27	649	0.026015
23	939	0.026005
26	591	0.025993
15	701	0.025976
33	181	0.025966
37	857	0.025949
1	994	0.025948
27	609	0.025944
5	668	0.025929
19	970	0.025922
25	740	0.025909
18	467	0.025903
20	557	0.025890
34	684	0.025863
6	64	0.025837
24	43	0.025815
1	206	0.025801
31	511	0.025799
28	895	0.025783
11	352	0.025761
31	199	0.025745
19	362	0.025728
13	920	0.025711
21	404	0.025702
24	298	0.025677
19	104	0.025652
31	353	0.025598
31	489	0.025584
14	983	0.025564
18	770	0.025494
18	838	0.025485
26	511	0.025475
6	540	0.025469
11	568	0.025464
7	502	0.025417
6	60	0.025414
19	977	0.025413
14	644	0.025357
22	622	0.025324
32	652	0.025321
11	635	0.025312
31	157	0.025312
6	676	0.025280
19	684	0.025245
19	117	0.025221
14	667	0.025208
19	606	0.025208
5	453	0.025207
18	976	0.025178
37	227	0.025154
29	469	0.025152
5	466	0.025151
23	131	0.025106
27	545	0.025098
31	901	0.025097
18	158	0.025095
18	897	0.025090
6	492	0.025052
31	74	0.025038
19	723	0.025035
39	980	0.025027
9	30	0.025023
7	748	0.025018
32	803	0.025016
18	311	0.024980
1	52	0.024946
39	288	0.024910
33	150	0.024872
33	630	0.024805
26	823	0.024793
23	292	0.024793
10	769	0.024789
21	980	0.024752
40	888	0.024721
17	858	0.024714
24	965	0.024691
31	523	0.024635
25	764	0.024628
37	574	0.024605
6	200	0.024594
14	407	0.024563
37	39	0.024551
6	942	0.024546
18	414	0.024543
6	872	0.024531
8	655	0.024505
14	724	0.024494
8	753	0.024486
7	96	0.024466
39	951	0.024448
19	847	0.024448
25	891	0.024442
19	153	0.024375
36	855	0.024329
6	668	0.024298
6	866	0.024264
14	558	0.024211
18	297	0.024207
26	620	0.024187
23	351	0.024133
10	352	0.024114
6	649	0.024041
6	238	0.024038
19	822	0.024030
18	562	0.023990
24	815	0.023981
27	345	0.023964
32	848	0.023895
31	928	0.023844
31	611	0.023826
5	937	0.023821
18	439	0.023819
27	973	0.023779
37	267	0.023766
19	992	0.023733
39	131	0.023728
6	748	0.023682
19	170	0.023674
13	115	0.023624
19	439	0.023623
28	935	0.023597
39	230	0.023582
13	782	0.023577
24	928	0.023571
12	857	0.023510
33	536	0.023493
26	917	0.023457
11	916	0.023423
6	439	0.023359
2	954	0.023347
31	509	0.023343
15	979	0.023336
18	77	0.023335
17	483	0.023318
28	267	0.023285
18	783	0.023257
31	804	0.023248
39	622	0.023236
19	761	0.023171
19	703	0.023139
6	659	0.023132
18	659	0.023132
15	555	0.023111
19	748	0.023101
7	559	0.023097
5	189	0.023075
11	907	0.023068
19	482	0.023036
17	855	0.023001
28	966	0.023000
13	431	0.022988
1	580	0.022973
19	177	0.022937
21	868	0.022916
19	440	0.022908
1	642	0.022872
23	855	0.022853
18	806	0.022804
33	866	0.022764
1	117	0.022764
11	286	0.022759
19	136	0.022758
12	689	0.022743
19	760	0.022735
19	425	0.022733
25	724	0.022731
39	790	0.022728
18	995	0.022723
33	871	0.022715
23	235	0.022706
19	797	0.022695
30	863	0.022669
25	913	0.022658
33	196	0.022649
24	89	0.022634
18	422	0.022633
7	971	0.022632
2	855	0.022568
19	712	0.022504
19	241	0.022499
12	290	0.022479
11	290	0.022451
19	451	0.022443
21	854	0.022423
20	694	0.022422
6	400	0.022385
31	569	0.022376
2	808	0.022372
18	151	0.022361
26	507	0.022349
36	161	0.022331
6	775	0.022310
5	215	0.022278
14	687	0.022251
31	882	0.022235
27	533	0.022216
25	896	0.022167
33	602	0.022148
6	703	0.022103
11	362	0.022096
39	252	0.022081
24	518	0.022050
5	439	0.022025
7	179	0.022021
22	584	0.022019
18	247	0.021978
6	494	0.021971
7	787	0.021969
20	843	0.021938
8	431	0.021927
27	817	0.021912
15	148	0.021832
39	737	0.021814
6	380	0.021808
21	764	0.021792
19	837	0.021788
27	275	0.021768
19	776	0.021743
18	890	0.021732
27	550	0.021683
28	886	0.021670
19	546	0.021663
19	79	0.021632
37	694	0.021631
27	426	0.021606
24	724	0.021559
33	823	0.021515
10	597	0.021512
40	661	0.021468
37	437	0.021448
19	663	0.021440
21	676	0.021401
27	769	0.021394
19	625	0.021368
11	257	0.021368
31	844	0.021356
24	760	0.021355
40	469	0.021327
9	709	0.021313
19	729	0.021309
6	870	0.021303
31	747	0.021270
23	905	0.021266
34	435	0.021224
19	939	0.021222
24	882	0.021210
19	630	0.021188
19	488	0.021172
33	945	0.021158
26	475	0.021124
27	992	0.021106
31	39	0.021076
19	519	0.021046
23	48	0.021041
2	792	0.020948
25	628	0.020928
9	625	0.020926
7	906	0.020911
6	779	0.020852
27	782	0.020844
14	562	0.020838
1	819	0.020834
30	877	0.020826
19	149	0.020816
18	172	0.020797
31	480	0.020795
14	280	0.020793
26	923	0.020777
24	476	0.020761
19	889	0.020746
27	826	0.020726
33	502	0.020706
27	493	0.020677
19	269	0.020670
2	184	0.020639
19	972	0.020563
6	466	0.020560
33	847	0.020544
29	767	0.020517
33	371	0.020481
28	449	0.020473
10	669	0.020431
24	913	0.020421
12	712	0.020420
6	104	0.020406
32	904	0.020394
1	440	0.020385
33	614	0.020339
6	550	0.020297
37	346	0.020296
6	25	0.020295
24	958	0.020278
21	974	0.020246
23	531	0.020245
1	257	0.020200
28	482	0.020185
39	401	0.020157
1	834	0.020143
13	720	0.020123
24	904	0.020090
18	248	0.020060
37	404	0.020042
29	753	0.020038
1	406	0.020030
26	300	0.020014
24	880	0.020002
29	906	0.019972
5	553	0.019961
19	800	0.019958
6	996	0.019937
6	392	0.019935
27	896	0.019931
6	691	0.019903
23	844	0.019900
2	802	0.019889
13	555	0.019844
26	995	0.019839
19	570	0.019836
32	246	0.019833
40	843	0.019812
1	742	0.019777
6	347	0.019765
27	476	0.019760
33	765	0.019759
19	611	0.019756
29	394	0.019752
6	285	0.019752
27	561	0.019743
2	484	0.019730
18	676	0.019714
27	843	0.019693
1	824	0.019693
19	230	0.019653
7	1	0.019652
32	982	0.019650
12	556	0.019623
1	645	0.019612
31	568	0.019560
40	414	0.019537
34	116	0.019528
18	563	0.019498
10	588	0.019481
37	102	0.019481
6	425	0.019480
27	508	0.019476
37	604	0.019475
31	556	0.019452
5	224	0.019441
6	593	0.019427
10	523	0.019427
27	865	0.019411
36	916	0.019372
19	494	0.019369
11	724	0.019356
27	299	0.019356
27	633	0.019344
5	886	0.019337
6	443	0.019270
23	561	0.019220
10	694	0.019213
23	971	0.019173
10	87	0.019157
12	687	0.019157
33	787	0.019146
19	424	0.019099
31	328	0.019047
22	530	0.018985
39	845	0.018951
40	997	0.018942
27	443	0.018942
18	113	0.018926
19	246	0.018880
31	664	0.018870
6	558	0.018830
18	799	0.018818
39	349	0.018785
18	999	0.018777
1	858	0.018743
18	468	0.018741
19	720	0.018740
22	253	0.018719
11	95	0.018709
31	289	0.018687
28	906	0.018614
19	655	0.018600
19	442	0.018590
19	852	0.018539
27	555	0.018538
2	919	0.018514
27	916	0.018505
33	748	0.018496
27	650	0.018465
33	385	0.018449
33	840	0.018444
18	849	0.018392
26	969	0.018388
20	282	0.018362
28	385	0.018326
11	325	0.018311
39	706	0.018299
19	2	0.018253
1	646	0.018250
27	730	0.018245
18	382	0.018237
6	594	0.018227
19	929	0.018222
6	597	0.018209
31	758	0.018202
7	656	0.018150
23	968	0.018137
32	513	0.018119
33	831	0.018089
26	802	0.018048
10	221	0.018037
27	523	0.017997
14	866	0.017967
19	174	0.017967
10	594	0.017955
39	581	0.017951
19	675	0.017941
10	903	0.017938
19	575	0.017930
19	996	0.017858
19	654	0.017820
39	862	0.017709
40	3	0.017702
23	973	0.017690
28	698	0.017670
26	936	0.017634
33	544	0.017615
36	536	0.017589
8	477	0.017578
21	370	0.017570
28	845	0.017539
1	439	0.017496
19	486	0.017434
8	983	0.017392
6	656	0.017383
36	65	0.017346
19	351	0.017345
9	665	0.017317
39	518	0.017312
18	276	0.017273
6	721	0.017239
5	174	0.017209
36	568	0.017197
19	593	0.017196
37	451	0.017192
25	801	0.017161
27	478	0.017134
19	29	0.017130
19	746	0.017120
24	981	0.017097
32	403	0.017094
13	503	0.017028
2	181	0.016964
17	740	0.016958
23	782	0.016946
12	966	0.016930
18	729	0.016920
28	767	0.016919
28	255	0.016917
26	521	0.016907
27	888	0.016873
19	637	0.016819
13	589	0.016805
24	955	0.016800
6	795	0.016760
24	398	0.016717
18	595	0.016675
19	777	0.016634
13	843	0.016624
40	330	0.016615
14	581	0.016602
26	775	0.016569
40	451	0.016569
19	834	0.016562
27	229	0.016557
1	711	0.016526
31	402	0.016525
6	788	0.016511
18	341	0.016486
12	523	0.016484
6	666	0.016476
6	653	0.016450
31	629	0.016396
27	806	0.016372
24	803	0.016363
23	724	0.016354
6	628	0.016314
27	7	0.016290
19	347	0.016265
14	653	0.016236
31	816	0.016231
39	484	0.016228
21	556	0.016222
13	148	0.016150
24	695	0.016139
13	105	0.016104
39	496	0.016067
1	881	0.016007
29	908	0.016001
19	352	0.015980
40	112	0.015968
27	943	0.015963
6	988	0.015945
30	870	0.015923
33	699	0.015896
39	548	0.015892
39	209	0.015887
37	793	0.015885
25	525	0.015878
31	202	0.015875
6	266	0.015800
18	750	0.015778
31	219	0.015761
32	871	0.015758
19	493	0.015757
39	29	0.015749
19	601	0.015720
32	740	0.015716
1	979	0.015701
27	951	0.015694
18	884	0.015675
39	939	0.015664
18	748	0.015638
7	649	0.015612
8	764	0.015610
18	246	0.015607
2	349	0.015596
27	513	0.015593
12	471	0.015581
36	402	0.015579
6	962	0.015547
1	701	0.015543
21	852	0.015522
34	978	0.015504
40	476	0.015496
24	822	0.015484
31	644	0.015468
6	460	0.015463
24	916	0.015410
31	98	0.015400
18	819	0.015396
31	786	0.015381
29	841	0.015378
1	170	0.015372
39	409	0.015321
18	30	0.015285
10	683	0.015266
23	454	0.015254
14	473	0.015226
19	414	0.015176
31	962	0.015122
23	918	0.015120
33	41	0.015113
19	591	0.015094
39	22	0.015067
18	673	0.015066
26	796	0.015056
22	866	0.015050
33	436	0.015050
31	540	0.015030
5	319	0.015029
19	452	0.014970
7	668	0.014969
33	500	0.014955
13	891	0.014932
19	81	0.014912
8	574	0.014897
6	810	0.014882
6	502	0.014882
14	130	0.014879
13	145	0.014853
14	698	0.014834
19	457	0.014756
6	762	0.014704
26	925	0.014700
31	767	0.014647
24	48	0.014630
18	844	0.014602
6	451	0.014585
27	947	0.014575
29	463	0.014555
23	428	0.014549
19	574	0.014525
24	256	0.014523
18	557	0.014482
17	832	0.014456
6	463	0.014418
22	904	0.014407
24	820	0.014380
6	692	0.014365
31	727	0.014346
6	674	0.014334
24	98	0.014333
7	275	0.014328
27	927	0.014325
36	997	0.014324
19	261	0.014298
27	942	0.014240
33	957	0.014206
40	640	0.014189
6	684	0.014143
28	403	0.014131
19	949	0.014108
7	782	0.014098
19	506	0.014098
11	963	0.014006
6	662	0.014006
6	712	0.013964
6	687	0.013961
1	602	0.013957
1	657	0.013953
33	466	0.013853
34	997	0.013851
21	566	0.013817
33	417	0.013803
33	742	0.013777
40	797	0.013773
18	972	0.013741
33	640	0.013714
6	969	0.013703
24	888	0.013672
11	830	0.013652
18	668	0.013646
9	440	0.013624
1	599	0.013569
19	64	0.013524
31	927	0.013509
37	829	0.013498
19	694	0.013469
21	753	0.013458
32	484	0.013457
6	802	0.013448
31	653	0.013447
19	794	0.013420
27	99	0.013409
23	18	0.013402
24	997	0.013394
5	975	0.013366
30	982	0.013353
39	979	0.013324
2	298	0.013316
31	688	0.013308
33	477	0.013302
26	771	0.013153
19	781	0.013144
2	975	0.013143
18	339	0.013137
6	884	0.013096
31	673	0.013058
27	406	0.013045
6	937	0.013040
26	753	0.013029
33	439	0.013018
1	745	0.012997
37	775	0.012992
27	928	0.012963
8	404	0.012958
21	913	0.012904
26	622	0.012896
13	355	0.012895
19	71	0.012876
39	303	0.012832
19	692	0.012819
27	418	0.012809
26	121	0.012808
27	698	0.012729
7	972	0.012663
28	11	0.012603
27	405	0.012575
13	643	0.012545
5	399	0.012499
26	81	0.012496
24	736	0.012471
13	975	0.012416
27	791	0.012405
13	730	0.012405
21	963	0.012399
31	307	0.012357
12	532	0.012352
24	700	0.012337
19	151	0.012321
13	513	0.012313
11	454	0.012259
7	744	0.012241
18	962	0.012223
19	450	0.012223
31	959	0.012214
19	50	0.012209
6	811	0.012121
12	871	0.012047
39	499	0.012040
6	387	0.012033
18	648	0.012014
33	481	0.012004
23	821	0.011958
19	679	0.011924
19	213	0.011920
36	385	0.011903
40	780	0.011895
27	530	0.011880
2	837	0.011851
25	793	0.011817
7	679	0.011817
8	724	0.011805
18	997	0.011795
14	759	0.011788
6	527	0.011769
6	834	0.011698
21	747	0.011627
26	486	0.011599
18	705	0.011552
37	913	0.011547
31	694	0.011538
19	706	0.011491
40	694	0.011475
10	229	0.011456
1	475	0.011450
13	936	0.011444
14	818	0.011437
1	628	0.011421
13	985	0.011388
18	815	0.011361
19	544	0.011358
23	476	0.011325
1	450	0.011310
21	921	0.011292
6	414	0.011275
19	935	0.011271
1	611	0.011256
19	418	0.011229
21	170	0.011218
6	675	0.011214
12	657	0.011205
24	235	0.011197
11	727	0.011168
33	704	0.011127
19	685	0.011124
34	821	0.011114
31	871	0.011086
19	936	0.011063
6	453	0.011060
24	271	0.011042
19	734	0.011039
19	648	0.011039
27	509	0.011039
13	538	0.011009
10	558	0.010982
19	348	0.010966
18	117	0.010959
10	340	0.010954
19	632	0.010935
14	921	0.010900
26	122	0.010869
5	381	0.010854
39	802	0.010844
11	737	0.010833
31	645	0.010833
12	466	0.010833
5	858	0.010821
14	790	0.010817
24	16	0.010787
25	410	0.010756
34	935	0.010748
31	561	0.010744
26	920	0.010738
6	468	0.010672
14	604	0.010667
19	805	0.010657
23	124	0.010651
24	933	0.010650
39	998	0.010634
19	100	0.010629
6	286	0.010622
21	161	0.010581
18	552	0.010541
6	940	0.010503
31	818	0.010472
11	972	0.010414
39	531	0.010338
6	679	0.010287
26	864	0.010269
36	531	0.010268
14	550	0.010234
24	477	0.010232
5	739	0.010188
19	172	0.010185
6	432	0.010144
19	552	0.010126
5	944	0.010124
26	871	0.010124
17	828	0.010121
7	692	0.010116
6	589	0.010096
7	703	0.010084
31	742	0.010059
20	753	0.010037
27	751	0.010031
6	464	0.010031
19	466	0.009981
13	964	0.009970
37	488	0.009933
19	960	0.009897
39	984	0.009891
24	752	0.009873
13	838	0.009862
19	492	0.009856
32	673	0.009846
11	794	0.009781
23	803	0.009771
25	927	0.009770
18	864	0.009763
19	616	0.009759
24	340	0.009758
36	944	0.009734
1	859	0.009719
12	796	0.009695
27	812	0.009690
27	544	0.009661
6	237	0.009660
6	565	0.009656
31	913	0.009644
18	712	0.009642
24	799	0.009641
31	740	0.009634
6	221	0.009626
18	742	0.009608
31	782	0.009597
12	284	0.009577
21	371	0.009575
7	471	0.009526
19	467	0.009518
19	815	0.009510
18	772	0.009510
31	905	0.009508
7	667	0.009506
19	714	0.009500
6	798	0.009489
19	420	0.009446
31	618	0.009444
31	498	0.009417
27	385	0.009376
23	500	0.009306
31	476	0.009288
23	317	0.009285
32	980	0.009269
23	233	0.009257
18	619	0.009248
23	581	0.009224
2	505	0.009223
32	962	0.009218
19	388	0.009212
39	803	0.009198
33	558	0.009176
14	799	0.009154
24	809	0.009102
27	388	0.009082
6	424	0.009067
18	604	0.009032
10	464	0.009020
27	136	0.008935
33	681	0.008911
18	692	0.008891
15	346	0.008891
19	472	0.008877
12	783	0.008862
2	672	0.008847
6	82	0.008842
24	960	0.008839
9	451	0.008803
6	750	0.008778
6	470	0.008739
13	790	0.008736
5	767	0.008723
23	574	0.008713
13	754	0.008652
26	731	0.008649
6	846	0.008619
13	815	0.008599
40	819	0.008593
19	868	0.008592
25	702	0.008528
33	535	0.008511
31	635	0.008486
39	975	0.008447
7	973	0.008444
21	905	0.008434
11	385	0.008419
24	702	0.008414
27	935	0.008397
10	423	0.008371
6	823	0.008284
19	584	0.008275
19	298	0.008263
40	481	0.008251
6	191	0.008175
17	979	0.008144
7	835	0.008109
12	614	0.008041
26	844	0.008032
14	229	0.008020
31	800	0.008019
32	224	0.008000
6	831	0.007985
1	676	0.007975
5	238	0.007952
34	740	0.007940
24	577	0.007903
19	994	0.007900
34	982	0.007880
6	715	0.007870
39	422	0.007868
33	471	0.007864
24	536	0.007854
30	204	0.007833
36	975	0.007824
18	721	0.007815
14	746	0.007774
7	466	0.007762
18	877	0.007757
32	902	0.007741
18	410	0.007713
6	433	0.007706
9	897	0.007612
6	819	0.007597
36	965	0.007589
5	808	0.007561
19	443	0.007545
6	609	0.007530
1	852	0.007498
7	146	0.007437
13	574	0.007428
9	350	0.007423
33	180	0.007418
19	543	0.007385
6	915	0.007289
19	206	0.007283
33	569	0.007253
24	456	0.007248
25	778	0.007240
18	753	0.007237
27	615	0.007189
31	657	0.007151
24	532	0.007137
8	511	0.007057
12	364	0.007021
27	628	0.007014
1	640	0.006959
1	980	0.006952
37	707	0.006941
21	131	0.006941
33	879	0.006938
31	449	0.006927
27	866	0.006923
2	871	0.006881
19	127	0.006864
19	985	0.006848
27	408	0.006840
33	392	0.006805
40	930	0.006799
31	536	0.006792
31	155	0.006786
26	881	0.006776
24	759	0.006736
24	206	0.006730
24	793	0.006717
11	464	0.006694
31	837	0.006684
28	962	0.006678
19	633	0.006629
6	508	0.006613
37	970	0.006602
6	500	0.006577
12	197	0.006550
12	402	0.006537
19	535	0.006526
19	444	0.006521
9	652	0.006520
6	648	0.006497
19	801	0.006493
23	390	0.006487
6	123	0.006437
39	948	0.006428
2	881	0.006412
15	434	0.006360
24	979	0.006349
7	355	0.006346
19	242	0.006338
11	471	0.006328
6	590	0.006299
26	611	0.006266
31	468	0.006265
34	727	0.006262
23	480	0.006262
6	869	0.006261
12	941	0.006215
15	826	0.006207
10	556	0.006206
6	23	0.006159
19	916	0.006157
19	687	0.006140
33	581	0.006128
27	847	0.006105
27	448	0.006070
27	346	0.006069
24	8	0.006016
19	152	0.006015
31	793	0.006009
26	798	0.005930
39	943	0.005927
6	436	0.005911
2	228	0.005904
18	632	0.005899
36	922	0.005849
2	962	0.005840
33	838	0.005818
39	725	0.005778
33	868	0.005772
31	520	0.005767
2	342	0.005739
1	714	0.005732
6	899	0.005713
5	574	0.005706
27	416	0.005678
18	848	0.005592
7	795	0.005581
32	853	0.005572
24	318	0.005544
13	724	0.005538
7	925	0.005521
24	974	0.005514
31	609	0.005474
13	454	0.005462
27	65	0.005454
36	863	0.005430
31	599	0.005426
27	487	0.005422
6	282	0.005407
13	237	0.005396
29	561	0.005369
11	904	0.005337
18	682	0.005314
15	655	0.005303
29	747	0.005280
7	584	0.005277
19	315	0.005267
27	845	0.005265
18	793	0.005263
22	333	0.005263
14	502	0.005246
13	830	0.005225
27	163	0.005209
39	148	0.005178
31	799	0.005162
23	246	0.005096
8	406	0.005095
18	431	0.005080
31	546	0.005044
27	997	0.005000
33	516	0.004995
21	417	0.004982
31	707	0.004963
27	799	0.004953
12	158	0.004951
18	644	0.004924
6	610	0.004909
18	22	0.004907
36	654	0.004865
33	86	0.004854
27	702	0.004832
27	66	0.004831
19	999	0.004821
25	654	0.004796
17	520	0.004673
31	154	0.004656
2	253	0.004638
38	831	0.004621
28	227	0.004617
27	336	0.004616
30	407	0.004601
5	401	0.004597
27	422	0.004585
19	133	0.004582
10	396	0.004529
24	795	0.004509
19	708	0.004501
33	224	0.004431
18	150	0.004375
13	402	0.004365
30	170	0.004354
9	753	0.004329
25	414	0.004303
18	813	0.004252
27	781	0.004246
13	909	0.004228
33	775	0.004214
6	616	0.004176
1	471	0.004162
5	81	0.004158
28	407	0.004156
18	634	0.004145
6	560	0.004141
40	920	0.004112
24	76	0.004109
5	906	0.004104
36	608	0.004089
18	225	0.004086
39	138	0.004056
40	981	0.004047
13	482	0.004024
27	823	0.003997
31	845	0.003994
11	437	0.003992
6	522	0.003986
6	797	0.003971
12	919	0.003952
18	602	0.003952
6	607	0.003947
24	644	0.003945
19	499	0.003940
18	475	0.003921
19	704	0.003885
31	443	0.003884
18	666	0.003880
6	632	0.003862
31	821	0.003852
27	565	0.003807
7	420	0.003784
6	879	0.003756
1	671	0.003756
37	724	0.003755
6	812	0.003688
10	845	0.003615
33	262	0.003599
19	869	0.003568
6	990	0.003564
6	746	0.003533
19	205	0.003513
19	4	0.003506
27	898	0.003490
21	975	0.003475
19	180	0.003473
23	607	0.003471
7	512	0.003439
6	67	0.003436
37	161	0.003405
22	707	0.003388
31	822	0.003373
14	727	0.003351
27	860	0.003328
18	47	0.003325
25	782	0.003294
12	618	0.003271
28	483	0.003258
31	961	0.003230
31	548	0.003229
25	597	0.003218
27	53	0.003214
9	453	0.003184
27	890	0.003162
24	830	0.003156
13	80	0.003152
15	622	0.003132
9	806	0.003129
27	568	0.003076
2	576	0.003053
21	643	0.003047
14	943	0.003001
7	727	0.002995
13	753	0.002983
27	626	0.002970
11	580	0.002933
19	731	0.002919
14	694	0.002918
2	8	0.002916
33	854	0.002916
40	982	0.002895
7	616	0.002894
18	565	0.002888
1	156	0.002888
19	924	0.002879
18	152	0.002875
13	808	0.002841
18	656	0.002836
31	400	0.002836
17	723	0.002831
19	666	0.002805
19	216	0.002789
18	674	0.002753
23	723	0.002751
6	241	0.002742
33	819	0.002735
18	752	0.002730
31	393	0.002728
23	328	0.002723
39	920	0.002704
26	913	0.002688
31	826	0.002686
39	811	0.002668
6	955	0.002632
27	597	0.002619
31	945	0.002609
31	589	0.002596
32	568	0.002593
6	393	0.002590
18	385	0.002585
30	888	0.002578
19	607	0.002564
18	964	0.002542
18	988	0.002537
19	311	0.002527
23	393	0.002524
2	963	0.002512
21	668	0.002486
25	820	0.002481
27	340	0.002452
39	829	0.002421
31	392	0.002419
14	184	0.002418
36	942	0.002413
6	168	0.002394
6	642	0.002373
29	77	0.002364
5	643	0.002353
28	454	0.002333
39	664	0.002295
19	789	0.002291
7	717	0.002203
28	915	0.002193
27	601	0.002178
33	349	0.002146
22	886	0.002124
20	786	0.002116
12	434	0.002110
18	522	0.002104
23	467	0.002101
18	461	0.002095
31	501	0.002082
27	228	0.002072
19	262	0.002070
21	672	0.002057
23	635	0.002000
24	802	0.001981
19	841	0.001977
40	569	0.001977
34	613	0.001923
1	345	0.001897
32	451	0.001891
24	65	0.001881
37	53	0.001863
9	878	0.001832
6	546	0.001819
25	586	0.001769
39	843	0.001753
19	432	0.001753
18	679	0.001743
27	977	0.001733
27	773	0.001732
2	862	0.001716
33	878	0.001708
7	544	0.001707
11	5	0.001704
23	790	0.001687
36	640	0.001671
19	336	0.001666
13	717	0.001664
31	956	0.001662
19	405	0.001651
33	433	0.001624
6	579	0.001623
13	481	0.001611
13	30	0.001606
21	976	0.001603
27	921	0.001601
28	293	0.001582
40	645	0.001577
36	274	0.001569
5	2	0.001506
32	654	0.001480
25	861	0.001443
20	382	0.001414
23	214	0.001398
17	422	0.001383
19	653	0.001332
31	119	0.001331
31	980	0.001288
33	557	0.001231
26	512	0.001231
27	919	0.001224
11	457	0.001214
31	997	0.001188
26	2	0.001177
24	808	0.001176
39	927	0.001165
27	576	0.001156
27	939	0.001146
5	436	0.001145
11	771	0.001084
19	395	0.001076
31	976	0.001057
11	844	0.001042
13	737	0.001042
6	939	0.001016
23	650	0.001009
31	477	0.001007
33	744	0.000999
7	440	0.000996
18	866	0.000980
2	654	0.000943
37	769	0.000942
31	1	0.000918
19	497	0.000915
5	450	0.000914
12	645	0.000909
33	442	0.000888
2	634	0.000877
31	516	0.000860
19	735	0.000830
18	702	0.000794
19	603	0.000775
19	554	0.000737
24	920	0.000732
22	296	0.000724
33	856	0.000703
27	197	0.000686
8	526	0.000681
2	905	0.000657
18	131	0.000646
37	982	0.000645
9	167	0.000633
26	737	0.000626
1	962	0.000615
27	924	0.000588
19	722	0.000577
37	457	0.000535
6	693	0.000525
9	508	0.000491
24	430	0.000490
31	355	0.000471
18	794	0.000466
7	191	0.000466
40	149	0.000463
5	828	0.000461
5	863	0.000444
14	284	0.000439
37	983	0.000434
22	561	0.000433
24	923	0.000432
23	566	0.000432
19	693	0.000339
26	342	0.000339
25	104	0.000318
20	938	0.000243
5	763	0.000186
20	414	0.000159
18	496	0.000158
5	269	0.000131
19	522	0.000113
29	913	0.000102
25	523	0.000094
24	618	0.000086
19	830	0.000065
27	672	0.000043
40	892	0.000036
27	583	0.000026
6	7	0.000011
32	442	0.000002
8	354	0.000000
