3	797	1.000000
10	93	0.821911
10	183	0.821911
4	195	0.784065
15	16	0.340932
34	319	0.284963
16	249	0.270120
40	68	0.268358
37	136	0.233307
7	188	0.231248
33	86	0.228241
30	204	0.218949
21	343	0.192781
37	270	0.155005
15	260	0.150636
2	323	0.149971
12	193	0.144257
12	270	0.144257
34	290	0.141681
34	293	0.141681
10	87	0.135651
32	281	0.126192
4	221	0.121987
35	481	0.120401
37	31	0.115853
21	106	0.115028
21	245	0.115028
7	200	0.114824
33	83	0.113320
2	31	0.112078
34	116	0.108616
12	8	0.107793
15	249	0.103794
14	299	0.102490
36	331	0.099604
1	272	0.098135
40	341	0.093679
35	886	0.092011
40	277	0.088385
12	290	0.085914
36	105	0.083624
38	831	0.082491
1	24	0.081512
22	262	0.081149
15	705	0.078995
25	756	0.077801
37	262	0.076702
2	383	0.074185
34	711	0.073810
36	33	0.072003
36	246	0.072003
15	352	0.070511
11	8	0.069449
11	325	0.069449
36	349	0.065869
30	389	0.065685
37	53	0.065516
10	116	0.061746
20	955	0.061310
15	817	0.060678
5	215	0.058332
37	295	0.057126
26	49	0.057109
21	175	0.056714
7	96	0.056611
11	306	0.055239
2	13	0.055238
20	529	0.054570
21	133	0.051412
21	212	0.051412
20	382	0.050825
35	434	0.050716
4	177	0.050282
36	274	0.049002
2	103	0.048923
2	381	0.048923
29	192	0.047698
20	237	0.047548
4	694	0.046641
11	95	0.045766
22	452	0.045685
39	383	0.045464
21	130	0.045051
20	387	0.044657
12	225	0.044459
33	192	0.044367
4	574	0.044039
1	369	0.043733
40	330	0.043392
40	626	0.043392
20	903	0.043335
15	413	0.042597
26	40	0.042432
26	998	0.042432
10	352	0.041742
30	540	0.041550
17	483	0.041325
33	227	0.040188
1	276	0.039955
22	4	0.039774
22	217	0.039774
7	710	0.039490
29	276	0.039481
21	725	0.039084
15	368	0.038697
21	867	0.037275
27	300	0.037056
18	696	0.036952
1	249	0.036759
4	747	0.036724
2	232	0.036292
2	244	0.036292
2	326	0.036292
6	14	0.036089
6	75	0.036089
34	688	0.035138
12	598	0.034863
21	164	0.034846
17	113	0.034821
5	238	0.034359
1	195	0.034019
1	240	0.034019
9	989	0.033207
21	256	0.032702
21	854	0.032702
37	475	0.031957
11	710	0.031834
15	731	0.031817
7	234	0.031663
15	887	0.031021
2	236	0.030180
7	785	0.030151
12	191	0.029654
12	532	0.029654
34	540	0.029547
30	974	0.029414
17	542	0.029376
25	96	0.029278
8	215	0.029140
8	276	0.029140
21	76	0.029091
21	225	0.029091
25	490	0.029045
32	940	0.028826
2	175	0.028713
2	293	0.028713
2	367	0.028713
2	659	0.028713
16	972	0.028462
21	914	0.028458
4	30	0.028370
11	105	0.028315
11	711	0.028315
20	432	0.028074
34	720	0.027942
26	27	0.027754
22	211	0.027605
7	210	0.027505
27	637	0.027392
25	363	0.026902
11	175	0.026819
11	293	0.026819
2	791	0.026819
40	316	0.026816
21	236	0.026616
20	253	0.026484
15	701	0.026361
36	942	0.026318
21	780	0.026168
40	872	0.026087
37	248	0.026035
37	364	0.026035
37	437	0.026035
29	394	0.025787
12	791	0.025747
17	543	0.025715
34	821	0.025433
28	293	0.024882
4	161	0.024839
14	960	0.024788
27	294	0.024756
36	284	0.024516
14	498	0.024422
28	449	0.024362
11	227	0.024235
12	256	0.024139
12	364	0.024139
40	780	0.024109
18	176	0.024101
18	270	0.024101
5	371	0.024085
34	935	0.023985
32	202	0.023957
32	749	0.023957
2	24	0.023661
2	87	0.023661
2	349	0.023661
2	598	0.023661
6	194	0.023525
10	669	0.023354
1	296	0.023333
25	650	0.023252
37	223	0.023126
37	711	0.023126
25	427	0.023102
29	18	0.023048
27	484	0.022999
15	935	0.022865
28	227	0.022474
28	255	0.022474
20	355	0.022411
34	296	0.022279
20	379	0.022229
22	741	0.022042
39	68	0.021931
39	289	0.021931
39	755	0.021931
37	51	0.021890
37	266	0.021890
37	507	0.021890
34	209	0.021888
40	168	0.021874
40	348	0.021874
2	226	0.021718
15	252	0.021621
12	197	0.021429
33	353	0.021383
10	229	0.021274
36	880	0.021206
1	153	0.021066
40	147	0.020895
21	589	0.020828
9	110	0.020776
9	178	0.020776
37	234	0.020771
37	267	0.020771
14	856	0.020704
26	900	0.020415
10	811	0.020359
12	165	0.020278
7	179	0.020228
7	525	0.020228
25	437	0.020196
25	705	0.020196
2	53	0.020052
2	287	0.020052
2	288	0.020052
21	271	0.019997
32	10	0.019698
2	159	0.019305
9	874	0.019284
40	658	0.019165
36	65	0.019159
35	982	0.018908
8	15	0.018893
8	394	0.018893
11	21	0.018699
11	756	0.018699
22	214	0.018664
36	966	0.018640
7	478	0.018357
22	955	0.018259
15	865	0.018256
2	340	0.018248
27	609	0.018211
36	66	0.018146
36	548	0.018146
36	757	0.018146
25	778	0.017901
27	34	0.017728
27	84	0.017728
18	232	0.017676
1	181	0.017579
1	658	0.017579
33	43	0.017552
36	614	0.017524
34	454	0.017503
15	596	0.017428
2	959	0.017345
26	110	0.017270
30	877	0.016950
1	64	0.016868
8	18	0.016844
9	171	0.016827
9	705	0.016827
36	174	0.016800
34	435	0.016768
34	513	0.016768
32	287	0.016655
12	582	0.016631
25	548	0.016474
36	930	0.016471
15	655	0.016427
36	687	0.016391
5	18	0.016379
17	399	0.016338
7	122	0.016310
14	610	0.016243
19	183	0.016239
19	300	0.016239
2	710	0.016231
15	583	0.016193
9	821	0.016131
22	118	0.016131
22	253	0.016131
33	567	0.016079
28	357	0.016054
25	452	0.016044
25	741	0.016044
26	238	0.016012
26	306	0.016012
10	743	0.015920
34	690	0.015872
9	204	0.015803
9	677	0.015803
28	504	0.015670
36	944	0.015625
17	478	0.015569
10	682	0.015555
21	189	0.015550
21	438	0.015550
15	555	0.015525
34	893	0.015456
30	870	0.015437
39	221	0.015321
25	572	0.015242
25	745	0.015242
25	764	0.015242
2	384	0.015240
2	864	0.015240
12	658	0.015229
27	601	0.015206
14	284	0.015188
8	255	0.015167
17	607	0.015092
7	887	0.015031
39	571	0.015010
27	275	0.014966
28	952	0.014951
9	479	0.014887
9	490	0.014887
21	829	0.014826
5	70	0.014744
34	745	0.014681
30	481	0.014669
7	988	0.014644
5	221	0.014561
30	888	0.014537
1	413	0.014485
1	801	0.014485
14	408	0.014413
14	510	0.014413
25	492	0.014336
40	131	0.014279
40	683	0.014279
2	739	0.014278
28	170	0.014209
25	597	0.014167
29	876	0.014133
40	396	0.014125
25	751	0.014100
39	124	0.014087
9	577	0.014063
37	347	0.014059
10	890	0.013937
7	605	0.013922
7	687	0.013922
11	464	0.013901
27	39	0.013862
18	293	0.013820
21	354	0.013745
30	436	0.013727
15	754	0.013708
39	264	0.013695
10	482	0.013649
25	518	0.013627
7	540	0.013585
7	947	0.013585
2	199	0.013556
2	266	0.013556
2	290	0.013556
12	159	0.013488
12	712	0.013488
12	777	0.013488
10	464	0.013372
10	994	0.013372
16	586	0.013367
11	352	0.013357
11	505	0.013357
21	872	0.013351
14	11	0.013269
14	629	0.013269
14	756	0.013269
7	632	0.013262
30	878	0.013212
15	706	0.013131
36	464	0.013120
10	773	0.013104
37	587	0.013081
26	969	0.013076
1	485	0.013066
22	485	0.013002
12	521	0.012985
7	766	0.012952
25	583	0.012836
22	297	0.012790
2	946	0.012698
7	846	0.012655
37	411	0.012636
21	66	0.012622
11	51	0.012609
11	472	0.012609
32	222	0.012598
32	864	0.012598
8	80	0.012587
15	720	0.012524
12	284	0.012514
34	102	0.012446
34	683	0.012446
20	79	0.012441
21	161	0.012417
30	434	0.012353
28	105	0.012337
28	225	0.012337
40	699	0.012332
8	555	0.012232
30	747	0.012231
37	102	0.012217
17	858	0.012214
2	9	0.012178
2	369	0.012178
10	296	0.012124
25	622	0.012123
21	351	0.012120
29	242	0.012093
29	384	0.012093
8	82	0.012062
17	745	0.012057
11	334	0.011932
11	452	0.011932
33	311	0.011919
34	761	0.011916
40	3	0.011897
36	521	0.011893
39	254	0.011846
19	637	0.011779
20	81	0.011727
20	389	0.011727
12	379	0.011659
2	356	0.011579
7	432	0.011579
8	195	0.011574
40	731	0.011568
22	223	0.011465
36	573	0.011458
21	538	0.011422
14	91	0.011410
14	987	0.011410
14	991	0.011410
22	333	0.011379
29	146	0.011372
22	421	0.011351
28	731	0.011317
11	509	0.011317
33	221	0.011311
2	228	0.011299
27	37	0.011285
27	203	0.011285
18	49	0.011250
18	415	0.011250
27	923	0.011237
1	393	0.011185
32	51	0.011178
25	182	0.011176
33	204	0.011168
16	569	0.011151
7	489	0.011100
7	994	0.011100
20	282	0.011083
21	504	0.011076
2	292	0.011030
36	997	0.011010
28	121	0.011010
28	267	0.011010
28	741	0.011010
16	713	0.010970
19	294	0.010968
6	193	0.010962
21	801	0.010940
29	389	0.010932
21	409	0.010913
7	825	0.010873
10	490	0.010782
37	146	0.010762
11	213	0.010755
28	968	0.010716
39	152	0.010677
39	160	0.010677
4	835	0.010675
17	846	0.010663
34	568	0.010619
34	698	0.010593
40	857	0.010591
1	731	0.010562
2	107	0.010525
2	130	0.010525
22	376	0.010509
14	725	0.010502
20	938	0.010497
2	673	0.010471
37	393	0.010445
7	524	0.010443
28	817	0.010436
15	468	0.010418
1	154	0.010415
1	660	0.010415
11	829	0.010407
5	874	0.010386
25	413	0.010352
20	477	0.010314
40	511	0.010309
27	827	0.010293
2	449	0.010287
21	149	0.010251
12	685	0.010225
20	490	0.010224
33	65	0.010186
39	244	0.010165
37	39	0.010144
36	60	0.010133
33	389	0.010086
2	995	0.010058
7	521	0.010041
21	526	0.010004
9	902	0.010002
27	199	0.009996
27	293	0.009996
27	332	0.009996
1	847	0.009996
40	409	0.009985
14	604	0.009965
20	446	0.009963
34	654	0.009954
29	974	0.009953
33	266	0.009891
33	514	0.009891
19	484	0.009860
37	285	0.009858
7	508	0.009850
21	730	0.009833
11	358	0.009767
7	798	0.009757
1	174	0.009732
37	660	0.009720
25	669	0.009627
21	390	0.009613
9	443	0.009587
37	340	0.009585
26	771	0.009582
28	210	0.009433
17	286	0.009426
18	310	0.009414
26	295	0.009407
26	498	0.009407
26	991	0.009407
2	964	0.009356
14	352	0.009356
33	267	0.009344
36	608	0.009340
12	155	0.009338
12	966	0.009338
16	700	0.009335
17	674	0.009325
21	981	0.009318
5	379	0.009296
11	727	0.009292
39	283	0.009260
25	570	0.009233
2	22	0.009225
2	88	0.009225
2	240	0.009225
2	253	0.009225
2	273	0.009225
2	483	0.009225
2	529	0.009225
21	978	0.009218
25	664	0.009218
34	961	0.009172
14	380	0.009167
30	451	0.009157
7	314	0.009146
15	974	0.009103
32	43	0.009048
32	365	0.009048
32	682	0.009048
1	876	0.009009
21	418	0.009001
21	994	0.009001
5	257	0.008975
22	743	0.008963
10	435	0.008957
12	154	0.008943
12	660	0.008943
27	788	0.008942
33	841	0.008846
37	670	0.008839
7	533	0.008825
12	224	0.008817
1	766	0.008788
20	333	0.008678
7	446	0.008672
7	560	0.008672
27	758	0.008632
8	982	0.008628
37	163	0.008612
37	350	0.008612
25	815	0.008589
40	821	0.008586
28	827	0.008584
14	404	0.008582
26	827	0.008560
34	613	0.008489
32	999	0.008488
1	527	0.008372
37	346	0.008342
10	660	0.008321
14	887	0.008312
27	663	0.008288
15	501	0.008256
7	829	0.008238
32	19	0.008229
32	995	0.008229
37	793	0.008209
28	271	0.008207
11	718	0.008199
26	864	0.008184
12	687	0.008123
21	406	0.008118
27	8	0.008063
40	935	0.008040
21	666	0.008038
18	91	0.008037
18	155	0.008037
18	315	0.008037
18	331	0.008037
18	953	0.008037
18	993	0.008037
16	30	0.008024
10	167	0.007975
15	747	0.007947
16	861	0.007946
23	20	0.007933
23	41	0.007933
23	75	0.007933
23	140	0.007933
23	321	0.007933
21	148	0.007927
12	504	0.007911
12	667	0.007911
27	508	0.007905
29	510	0.007879
11	862	0.007872
2	179	0.007872
2	587	0.007872
36	818	0.007868
10	858	0.007864
14	473	0.007862
28	224	0.007857
28	935	0.007857
6	8	0.007821
6	13	0.007821
6	31	0.007821
6	109	0.007821
6	232	0.007821
36	167	0.007813
39	192	0.007812
39	359	0.007812
39	496	0.007812
39	735	0.007812
9	527	0.007797
13	215	0.007791
17	470	0.007789
17	898	0.007789
22	821	0.007767
34	333	0.007764
34	642	0.007764
9	170	0.007750
18	528	0.007745
9	698	0.007730
27	917	0.007722
12	258	0.007709
12	743	0.007709
27	770	0.007705
21	516	0.007655
10	221	0.007652
9	131	0.007613
37	939	0.007611
20	150	0.007596
40	647	0.007595
6	757	0.007591
2	379	0.007585
14	438	0.007583
11	932	0.007567
19	609	0.007542
5	366	0.007541
28	129	0.007531
32	178	0.007527
32	483	0.007527
32	856	0.007527
36	916	0.007496
27	131	0.007495
1	994	0.007466
17	545	0.007436
37	390	0.007434
37	695	0.007434
7	535	0.007432
22	489	0.007426
11	771	0.007421
2	224	0.007421
8	66	0.007396
29	647	0.007395
7	462	0.007355
36	385	0.007345
12	896	0.007329
19	34	0.007319
19	84	0.007319
19	143	0.007319
19	289	0.007319
2	184	0.007315
2	256	0.007315
2	364	0.007315
10	492	0.007254
33	510	0.007239
16	815	0.007230
25	836	0.007221
26	166	0.007205
26	175	0.007205
14	526	0.007203
36	667	0.007199
36	776	0.007199
40	149	0.007178
18	841	0.007161
21	561	0.007129
34	649	0.007083
14	217	0.007073
33	937	0.007072
30	891	0.007067
29	434	0.007063
7	469	0.007023
33	269	0.007018
11	379	0.007011
11	957	0.007011
18	280	0.006966
5	89	0.006961
5	234	0.006961
5	780	0.006961
39	307	0.006956
16	628	0.006952
13	221	0.006947
28	733	0.006942
37	994	0.006941
14	570	0.006921
32	347	0.006918
32	427	0.006918
7	447	0.006918
7	826	0.006918
21	647	0.006912
33	950	0.006911
27	798	0.006885
11	533	0.006882
37	981	0.006870
15	622	0.006856
21	840	0.006850
2	242	0.006819
2	534	0.006819
22	389	0.006814
28	771	0.006806
16	919	0.006789
26	267	0.006786
8	23	0.006783
2	385	0.006773
11	437	0.006758
15	826	0.006753
5	230	0.006723
7	340	0.006715
1	862	0.006710
39	248	0.006704
28	169	0.006675
28	179	0.006675
22	296	0.006674
12	432	0.006655
12	937	0.006655
9	223	0.006643
40	355	0.006642
2	540	0.006636
39	472	0.006635
10	474	0.006634
25	7	0.006633
25	670	0.006633
25	867	0.006633
21	646	0.006612
37	747	0.006584
36	536	0.006577
14	148	0.006563
32	944	0.006556
11	610	0.006519
18	105	0.006515
14	499	0.006510
10	683	0.006472
27	147	0.006452
29	776	0.006437
9	908	0.006432
7	380	0.006428
19	39	0.006427
28	528	0.006424
40	978	0.006412
15	570	0.006411
25	861	0.006411
22	236	0.006407
14	69	0.006406
14	181	0.006406
14	956	0.006406
26	70	0.006405
26	205	0.006405
11	880	0.006404
10	396	0.006394
32	766	0.006386
32	899	0.006386
32	952	0.006386
25	675	0.006385
2	105	0.006376
2	197	0.006376
2	225	0.006376
2	505	0.006376
2	593	0.006376
37	81	0.006362
29	716	0.006350
40	541	0.006339
40	595	0.006339
40	809	0.006339
14	739	0.006330
14	848	0.006330
40	975	0.006307
26	462	0.006302
2	538	0.006297
36	943	0.006259
11	385	0.006250
39	138	0.006243
39	215	0.006243
39	415	0.006243
10	594	0.006242
22	805	0.006238
21	702	0.006234
9	609	0.006231
5	152	0.006216
5	168	0.006216
37	385	0.006186
20	517	0.006185
37	666	0.006164
15	652	0.006162
7	799	0.006160
11	538	0.006156
19	601	0.006155
27	28	0.006130
18	175	0.006109
18	290	0.006109
18	367	0.006109
20	102	0.006109
20	683	0.006109
2	81	0.006106
37	233	0.006101
25	574	0.006086
32	545	0.006086
12	810	0.006076
7	792	0.006075
21	370	0.006072
1	665	0.006071
1	729	0.006071
33	347	0.006060
33	969	0.006060
18	487	0.006058
5	944	0.006050
19	275	0.006045
9	157	0.006040
23	187	0.006026
34	732	0.006020
40	99	0.006003
22	355	0.005979
22	584	0.005979
11	627	0.005978
2	521	0.005977
37	236	0.005977
21	395	0.005972
18	449	0.005958
40	558	0.005950
9	660	0.005948
34	805	0.005940
6	238	0.005937
29	891	0.005934
16	568	0.005931
36	424	0.005930
8	214	0.005927
25	536	0.005885
7	590	0.005870
9	576	0.005858
12	698	0.005847
9	530	0.005843
14	178	0.005834
14	191	0.005834
14	429	0.005834
27	589	0.005833
20	761	0.005818
12	81	0.005815
22	170	0.005809
15	861	0.005805
24	20	0.005781
24	56	0.005781
24	61	0.005781
24	301	0.005781
24	318	0.005781
24	321	0.005781
24	722	0.005781
36	674	0.005759
37	974	0.005740
26	43	0.005738
15	590	0.005726
34	714	0.005709
34	896	0.005709
14	694	0.005703
14	818	0.005703
12	862	0.005692
9	814	0.005684
20	230	0.005680
28	557	0.005674
36	910	0.005660
27	119	0.005647
39	249	0.005640
18	179	0.005628
37	938	0.005627
2	860	0.005617
2	1000	0.005617
33	179	0.005581
12	209	0.005572
25	699	0.005571
10	657	0.005560
40	691	0.005550
23	325	0.005549
14	409	0.005547
7	737	0.005537
19	293	0.005535
12	689	0.005533
21	834	0.005510
11	39	0.005504
40	839	0.005503
32	915	0.005498
25	461	0.005479
28	584	0.005474
14	671	0.005473
25	848	0.005457
40	333	0.005457
21	973	0.005446
13	954	0.005443
25	828	0.005434
27	33	0.005427
34	148	0.005422
34	602	0.005422
40	499	0.005411
18	255	0.005409
37	538	0.005394
14	834	0.005381
34	832	0.005371
21	445	0.005369
2	380	0.005368
33	522	0.005364
29	982	0.005361
26	778	0.005351
32	667	0.005344
21	340	0.005341
14	357	0.005338
14	662	0.005338
14	687	0.005338
11	285	0.005331
11	757	0.005331
10	580	0.005319
10	631	0.005319
7	520	0.005315
30	599	0.005315
21	976	0.005309
37	595	0.005308
39	689	0.005305
36	568	0.005304
15	973	0.005298
20	606	0.005297
19	827	0.005260
27	282	0.005257
11	660	0.005247
14	512	0.005247
29	596	0.005246
20	421	0.005237
9	753	0.005236
14	921	0.005235
34	739	0.005222
9	350	0.005209
28	65	0.005189
14	865	0.005187
12	681	0.005187
37	569	0.005183
21	963	0.005180
26	995	0.005173
11	836	0.005166
11	1000	0.005166
2	546	0.005165
33	189	0.005159
33	437	0.005159
20	870	0.005149
40	815	0.005148
5	269	0.005141
25	123	0.005136
2	867	0.005135
12	816	0.005131
6	756	0.005129
34	800	0.005126
39	115	0.005122
39	158	0.005122
39	178	0.005122
39	267	0.005122
39	288	0.005122
39	499	0.005122
7	537	0.005116
36	666	0.005090
2	595	0.005086
32	684	0.005066
40	469	0.005064
27	159	0.005064
27	459	0.005064
2	792	0.005061
25	148	0.005059
8	891	0.005044
12	509	0.005029
12	750	0.005029
21	764	0.005025
28	514	0.005020
28	609	0.005020
28	966	0.005020
22	552	0.005019
37	829	0.005016
37	880	0.005016
8	431	0.005009
11	725	0.005008
11	847	0.005008
11	793	0.004993
2	60	0.004989
2	152	0.004989
2	350	0.004989
2	947	0.004989
8	253	0.004986
8	784	0.004986
33	594	0.004966
29	863	0.004961
1	512	0.004960
1	655	0.004960
20	984	0.004952
28	962	0.004949
14	591	0.004945
27	314	0.004941
12	170	0.004930
36	654	0.004928
9	766	0.004925
5	838	0.004920
14	119	0.004905
14	274	0.004905
14	587	0.004905
4	796	0.004869
28	678	0.004858
28	757	0.004858
28	798	0.004858
2	345	0.004849
26	731	0.004843
18	96	0.004824
18	147	0.004824
18	365	0.004824
18	626	0.004824
18	682	0.004824
14	469	0.004824
39	572	0.004817
33	747	0.004806
20	556	0.004792
20	798	0.004792
1	435	0.004792
32	165	0.004788
32	507	0.004788
28	547	0.004769
34	852	0.004767
27	392	0.004760
23	124	0.004755
23	176	0.004755
19	923	0.004751
20	654	0.004741
36	491	0.004724
37	910	0.004719
29	908	0.004719
2	582	0.004714
26	425	0.004697
26	475	0.004689
26	529	0.004689
26	775	0.004689
6	415	0.004680
6	677	0.004680
39	347	0.004674
39	416	0.004674
21	709	0.004669
37	627	0.004663
34	676	0.004656
10	509	0.004638
10	543	0.004638
8	753	0.004620
25	754	0.004609
28	898	0.004606
5	159	0.004599
27	811	0.004584
32	573	0.004582
7	405	0.004581
37	621	0.004581
11	163	0.004577
11	667	0.004577
11	947	0.004577
15	563	0.004571
21	346	0.004570
12	880	0.004562
29	555	0.004561
28	814	0.004558
28	988	0.004558
16	599	0.004553
8	984	0.004547
20	562	0.004542
39	213	0.004538
27	771	0.004535
27	531	0.004534
40	745	0.004534
36	473	0.004532
36	509	0.004532
22	581	0.004528
7	468	0.004526
14	184	0.004522
14	311	0.004522
14	364	0.004522
14	705	0.004522
14	772	0.004522
11	492	0.004511
27	465	0.004503
21	979	0.004500
10	643	0.004499
30	808	0.004488
36	545	0.004486
18	778	0.004486
32	1	0.004484
32	89	0.004484
32	334	0.004484
34	586	0.004470
23	441	0.004466
22	447	0.004454
22	690	0.004454
5	161	0.004450
15	414	0.004448
33	999	0.004447
14	297	0.004433
8	776	0.004413
29	66	0.004411
10	693	0.004410
37	568	0.004409
40	406	0.004398
7	604	0.004369
33	583	0.004369
40	813	0.004365
23	295	0.004358
29	724	0.004353
21	896	0.004349
8	716	0.004349
27	80	0.004346
27	226	0.004346
27	283	0.004346
27	513	0.004346
27	995	0.004346
37	828	0.004346
19	124	0.004345
19	193	0.004345
19	203	0.004345
19	270	0.004345
34	574	0.004344
34	783	0.004344
25	590	0.004343
32	167	0.004343
21	980	0.004339
1	224	0.004335
1	340	0.004335
18	249	0.004330
18	251	0.004330
18	363	0.004330
18	408	0.004330
18	849	0.004330
11	766	0.004320
7	586	0.004319
7	751	0.004319
33	122	0.004292
17	362	0.004291
28	7	0.004284
28	442	0.004284
36	831	0.004283
39	274	0.004282
39	953	0.004282
15	409	0.004279
37	269	0.004272
34	481	0.004271
26	894	0.004270
29	753	0.004268
40	404	0.004267
23	116	0.004266
23	912	0.004266
37	997	0.004253
8	646	0.004244
15	2	0.004229
2	181	0.004229
2	658	0.004229
16	723	0.004228
14	558	0.004222
32	572	0.004208
17	553	0.004205
24	273	0.004199
10	859	0.004198
27	577	0.004197
6	249	0.004197
6	251	0.004197
6	849	0.004197
6	934	0.004197
18	490	0.004196
33	580	0.004193
14	180	0.004182
14	204	0.004182
14	207	0.004182
1	436	0.004175
16	148	0.004171
8	161	0.004163
8	587	0.004163
10	558	0.004158
14	698	0.004157
40	440	0.004153
33	3	0.004145
20	578	0.004139
29	52	0.004131
1	380	0.004131
12	333	0.004119
14	792	0.004118
21	683	0.004116
18	64	0.004110
18	902	0.004110
22	259	0.004106
40	646	0.004102
25	314	0.004099
25	665	0.004099
15	574	0.004084
27	208	0.004084
26	328	0.004080
32	442	0.004078
39	964	0.004069
21	396	0.004060
32	809	0.004037
13	192	0.004034
13	198	0.004034
13	735	0.004034
28	597	0.004033
28	698	0.004033
28	743	0.004033
19	711	0.004032
40	797	0.004023
26	345	0.004020
26	941	0.004020
17	871	0.004015
25	477	0.004013
2	64	0.004013
2	271	0.004013
2	280	0.004013
2	889	0.004013
12	430	0.004009
12	435	0.004009
12	462	0.004009
23	387	0.004007
21	537	0.004006
1	592	0.004002
1	916	0.004002
39	887	0.004002
29	788	0.004001
32	693	0.003996
37	450	0.003992
39	389	0.003983
28	805	0.003974
34	439	0.003974
32	213	0.003955
39	211	0.003936
39	256	0.003936
39	364	0.003936
39	705	0.003936
25	533	0.003929
20	434	0.003927
37	351	0.003926
27	53	0.003921
27	90	0.003921
27	178	0.003921
27	241	0.003921
27	287	0.003921
27	288	0.003921
27	701	0.003921
27	992	0.003921
27	922	0.003916
28	682	0.003916
10	970	0.003907
18	88	0.003906
18	178	0.003906
18	273	0.003906
18	475	0.003906
18	756	0.003906
26	164	0.003903
26	179	0.003903
26	455	0.003903
21	868	0.003900
1	927	0.003899
9	606	0.003895
17	740	0.003893
14	225	0.003877
14	711	0.003877
33	887	0.003871
29	431	0.003867
11	5	0.003864
11	390	0.003864
11	929	0.003864
37	167	0.003862
22	792	0.003855
21	342	0.003849
39	467	0.003848
25	541	0.003848
25	560	0.003848
5	477	0.003847
23	11	0.003847
23	158	0.003847
37	436	0.003841
32	743	0.003837
7	439	0.003835
8	438	0.003824
8	446	0.003824
8	541	0.003824
21	913	0.003820
1	667	0.003819
11	594	0.003812
2	79	0.003812
2	856	0.003812
28	506	0.003803
28	559	0.003803
28	701	0.003803
39	209	0.003800
37	380	0.003799
22	667	0.003796
26	506	0.003791
6	11	0.003783
6	50	0.003783
6	371	0.003783
6	475	0.003783
6	529	0.003783
6	564	0.003783
40	445	0.003776
25	840	0.003769
21	808	0.003765
19	332	0.003751
39	174	0.003747
33	847	0.003744
33	968	0.003744
32	787	0.003724
20	608	0.003712
11	871	0.003711
11	997	0.003711
32	783	0.003701
28	527	0.003695
7	509	0.003691
5	131	0.003687
5	189	0.003687
5	446	0.003687
30	975	0.003685
13	72	0.003682
24	206	0.003672
27	817	0.003670
34	927	0.003667
40	924	0.003666
19	508	0.003663
1	805	0.003648
17	676	0.003647
8	561	0.003645
40	671	0.003641
31	12	0.003637
31	25	0.003637
31	73	0.003637
31	78	0.003637
31	134	0.003637
31	289	0.003637
31	300	0.003637
39	271	0.003628
39	361	0.003628
39	774	0.003628
2	996	0.003625
34	976	0.003623
33	174	0.003622
5	574	0.003621
9	296	0.003620
8	177	0.003619
25	99	0.003618
25	613	0.003618
32	506	0.003615
22	866	0.003611
20	691	0.003607
21	566	0.003605
14	555	0.003603
32	568	0.003576
13	214	0.003574
25	979	0.003568
11	123	0.003566
11	965	0.003566
11	994	0.003566
21	673	0.003559
36	461	0.003556
36	769	0.003556
27	633	0.003553
25	229	0.003545
25	596	0.003545
25	883	0.003545
26	578	0.003541
40	848	0.003541
20	642	0.003539
2	366	0.003537
21	672	0.003537
7	511	0.003535
9	508	0.003534
10	997	0.003530
8	242	0.003522
26	167	0.003519
21	606	0.003514
15	878	0.003511
32	107	0.003511
32	130	0.003511
32	552	0.003511
25	707	0.003510
33	687	0.003506
7	578	0.003498
7	693	0.003498
21	676	0.003492
27	750	0.003475
25	795	0.003475
11	450	0.003474
11	554	0.003474
21	386	0.003470
21	657	0.003470
34	962	0.003462
2	219	0.003451
2	373	0.003451
13	431	0.003448
13	891	0.003444
39	22	0.003441
27	456	0.003441
14	628	0.003440
9	737	0.003430
29	559	0.003429
12	762	0.003428
6	427	0.003424
10	453	0.003420
10	826	0.003420
25	608	0.003406
25	685	0.003406
36	402	0.003397
32	754	0.003396
28	890	0.003396
28	937	0.003396
11	746	0.003385
11	810	0.003385
25	910	0.003384
21	604	0.003383
34	797	0.003374
13	257	0.003371
12	745	0.003371
12	764	0.003371
7	713	0.003371
27	478	0.003369
2	233	0.003368
32	962	0.003366
36	789	0.003366
22	527	0.003364
14	780	0.003356
39	59	0.003353
39	338	0.003353
39	352	0.003353
14	815	0.003343
1	520	0.003336
9	614	0.003332
18	597	0.003321
24	95	0.003320
24	101	0.003320
24	120	0.003320
24	344	0.003320
24	641	0.003320
22	520	0.003315
32	181	0.003314
32	513	0.003314
32	658	0.003314
32	768	0.003314
32	827	0.003314
32	929	0.003314
11	803	0.003311
40	674	0.003307
25	414	0.003307
25	487	0.003307
36	965	0.003306
28	482	0.003303
28	915	0.003303
32	941	0.003293
33	876	0.003289
2	413	0.003288
2	990	0.003288
25	512	0.003274
22	683	0.003266
19	156	0.003264
19	788	0.003264
1	924	0.003264
5	608	0.003258
9	982	0.003255
20	802	0.003253
8	146	0.003253
8	354	0.003253
8	549	0.003253
37	720	0.003242
27	793	0.003242
9	436	0.003237
29	730	0.003232
27	331	0.003231
27	899	0.003231
39	604	0.003226
2	461	0.003226
13	230	0.003226
15	646	0.003223
32	432	0.003221
40	897	0.003220
9	665	0.003218
18	455	0.003218
18	587	0.003218
18	851	0.003218
18	952	0.003218
15	434	0.003215
2	346	0.003211
36	530	0.003209
12	792	0.003207
19	589	0.003202
2	828	0.003195
1	161	0.003194
33	651	0.003187
10	963	0.003187
26	967	0.003185
15	979	0.003177
40	673	0.003177
40	892	0.003177
11	580	0.003175
23	40	0.003166
23	42	0.003166
23	67	0.003166
23	94	0.003166
23	185	0.003166
23	235	0.003166
23	317	0.003166
23	398	0.003166
23	696	0.003166
23	993	0.003166
20	843	0.003165
25	759	0.003162
12	540	0.003155
21	556	0.003140
32	902	0.003132
14	153	0.003130
14	497	0.003130
14	572	0.003130
14	901	0.003130
22	842	0.003127
19	131	0.003121
19	758	0.003121
6	72	0.003110
6	274	0.003110
6	993	0.003110
40	734	0.003107
39	266	0.003105
39	367	0.003105
39	375	0.003105
39	577	0.003105
1	298	0.003103
1	936	0.003103
23	882	0.003100
19	917	0.003099
13	185	0.003095
13	262	0.003095
13	276	0.003095
29	848	0.003094
33	214	0.003089
33	559	0.003089
33	714	0.003089
25	392	0.003089
32	767	0.003088
28	892	0.003086
36	863	0.003084
39	570	0.003078
18	172	0.003072
2	729	0.003063
11	233	0.003058
11	508	0.003058
21	975	0.003058
7	454	0.003056
12	597	0.003054
32	965	0.003046
32	994	0.003046
28	810	0.003045
27	623	0.003038
26	711	0.003034
26	999	0.003034
7	414	0.003025
19	770	0.003024
32	660	0.003018
13	747	0.003013
8	264	0.003010
34	551	0.003006
9	446	0.003006
12	648	0.003005
21	909	0.003000
10	845	0.002999
22	230	0.002996
33	454	0.002996
30	863	0.002994
2	113	0.002992
2	473	0.002992
2	957	0.002992
18	340	0.002988
8	440	0.002985
11	905	0.002983
37	656	0.002982
23	329	0.002965
7	333	0.002964
29	230	0.002964
32	218	0.002963
32	519	0.002963
19	663	0.002963
37	943	0.002960
21	562	0.002955
21	974	0.002955
27	184	0.002947
27	449	0.002947
13	389	0.002936
18	248	0.002935
18	705	0.002935
1	895	0.002932
14	350	0.002925
39	247	0.002924
29	767	0.002922
12	547	0.002910
25	635	0.002910
9	457	0.002906
7	699	0.002906
33	730	0.002906
2	978	0.002898
8	556	0.002898
8	757	0.002898
36	799	0.002897
5	514	0.002894
10	30	0.002887
8	647	0.002887
17	878	0.002884
13	477	0.002882
39	860	0.002881
29	620	0.002881
24	752	0.002875
34	997	0.002862
19	8	0.002859
19	54	0.002859
19	72	0.002859
19	77	0.002859
19	114	0.002859
19	147	0.002859
19	315	0.002859
2	189	0.002857
2	697	0.002857
32	963	0.002857
21	355	0.002850
14	650	0.002842
11	898	0.002839
11	974	0.002839
5	469	0.002838
37	298	0.002831
37	761	0.002831
37	936	0.002831
14	228	0.002828
14	944	0.002828
25	921	0.002823
11	439	0.002822
33	5	0.002819
33	695	0.002819
12	536	0.002819
2	943	0.002814
28	521	0.002813
9	646	0.002811
39	587	0.002811
5	789	0.002811
40	148	0.002810
32	182	0.002805
32	494	0.002805
26	507	0.002802
39	557	0.002795
9	877	0.002791
8	703	0.002790
37	871	0.002790
40	556	0.002788
36	451	0.002787
5	747	0.002784
18	745	0.002780
10	732	0.002779
33	426	0.002777
23	719	0.002776
5	647	0.002774
11	314	0.002771
5	863	0.002769
20	799	0.002768
25	854	0.002758
32	764	0.002755
40	654	0.002753
36	492	0.002752
36	706	0.002752
6	658	0.002748
5	724	0.002742
34	104	0.002741
34	904	0.002741
1	855	0.002740
29	646	0.002738
17	569	0.002738
14	596	0.002736
14	986	0.002736
33	821	0.002735
1	386	0.002735
13	408	0.002734
10	790	0.002733
29	463	0.002723
20	557	0.002720
21	803	0.002718
7	402	0.002711
7	622	0.002711
27	727	0.002709
37	767	0.002709
15	591	0.002707
11	543	0.002705
1	824	0.002698
26	285	0.002695
26	798	0.002695
27	201	0.002694
27	263	0.002694
27	989	0.002694
14	914	0.002691
8	52	0.002688
21	511	0.002687
7	789	0.002684
36	346	0.002683
18	384	0.002683
13	683	0.002681
39	70	0.002677
39	153	0.002677
39	227	0.002677
39	261	0.002677
39	369	0.002677
39	911	0.002677
11	961	0.002673
37	674	0.002670
2	613	0.002668
12	656	0.002668
1	604	0.002661
36	805	0.002660
32	503	0.002659
40	909	0.002659
1	906	0.002654
39	407	0.002652
40	752	0.002650
2	342	0.002648
19	121	0.002646
5	866	0.002646
11	568	0.002641
27	962	0.002633
10	759	0.002633
36	727	0.002630
14	556	0.002630
31	488	0.002619
24	371	0.002617
17	748	0.002613
2	360	0.002609
16	425	0.002609
22	586	0.002606
19	798	0.002605
37	930	0.002594
26	121	0.002592
26	452	0.002592
26	860	0.002592
8	788	0.002591
8	841	0.002591
39	518	0.002590
1	580	0.002589
32	233	0.002589
6	37	0.002587
6	263	0.002587
6	280	0.002587
6	774	0.002587
6	985	0.002587
6	989	0.002587
5	847	0.002580
11	362	0.002578
33	620	0.002578
40	971	0.002575
28	6	0.002569
12	594	0.002566
12	739	0.002566
32	967	0.002566
31	294	0.002566
14	130	0.002562
14	955	0.002562
23	620	0.002559
16	796	0.002555
34	684	0.002552
27	118	0.002541
15	422	0.002538
20	467	0.002538
28	491	0.002537
5	858	0.002532
26	569	0.002532
12	761	0.002527
9	621	0.002521
37	606	0.002520
37	694	0.002520
11	724	0.002518
19	995	0.002516
31	619	0.002515
30	523	0.002508
12	800	0.002507
21	329	0.002505
39	963	0.002503
33	554	0.002503
8	7	0.002498
9	333	0.002494
39	168	0.002491
31	637	0.002491
14	676	0.002490
40	473	0.002489
1	721	0.002486
5	174	0.002485
5	788	0.002485
37	386	0.002484
37	657	0.002484
27	859	0.002482
32	597	0.002477
1	30	0.002475
28	938	0.002473
25	792	0.002471
20	523	0.002469
24	430	0.002468
27	105	0.002468
27	486	0.002468
27	505	0.002468
27	999	0.002468
39	469	0.002466
14	974	0.002465
26	665	0.002463
21	747	0.002463
25	500	0.002460
11	478	0.002459
21	971	0.002458
18	338	0.002457
5	490	0.002454
1	798	0.002453
12	686	0.002450
39	706	0.002447
36	625	0.002447
29	209	0.002440
33	463	0.002431
33	468	0.002431
33	570	0.002431
33	810	0.002431
40	878	0.002428
25	776	0.002426
25	967	0.002426
13	115	0.002424
13	158	0.002424
32	6	0.002424
9	435	0.002415
9	872	0.002415
37	604	0.002414
7	715	0.002413
28	104	0.002411
28	931	0.002411
20	714	0.002411
29	451	0.002407
10	832	0.002406
22	654	0.002403
26	23	0.002402
27	127	0.002398
27	129	0.002398
30	973	0.002397
33	421	0.002396
27	644	0.002393
2	354	0.002388
2	549	0.002388
2	778	0.002388
25	709	0.002383
15	734	0.002382
39	613	0.002376
13	647	0.002375
21	804	0.002375
23	493	0.002371
36	362	0.002368
21	873	0.002366
9	392	0.002364
27	812	0.002364
19	117	0.002363
18	688	0.002353
28	399	0.002351
30	407	0.002341
10	502	0.002339
25	913	0.002336
20	640	0.002331
31	945	0.002328
14	946	0.002327
1	6	0.002325
39	349	0.002321
39	365	0.002321
39	598	0.002321
39	626	0.002321
39	883	0.002321
40	628	0.002321
10	739	0.002320
37	984	0.002314
26	442	0.002313
36	724	0.002310
22	614	0.002308
24	387	0.002307
20	538	0.002301
23	901	0.002299
37	574	0.002298
1	898	0.002295
28	446	0.002293
28	560	0.002293
27	879	0.002292
27	645	0.002287
2	812	0.002285
8	585	0.002282
7	406	0.002280
32	172	0.002271
32	528	0.002271
32	957	0.002271
12	892	0.002271
11	30	0.002271
40	400	0.002269
27	165	0.002265
27	175	0.002265
17	551	0.002264
22	439	0.002263
21	691	0.002261
18	377	0.002254
18	636	0.002254
14	230	0.002254
14	280	0.002254
14	346	0.002254
14	889	0.002254
34	905	0.002250
24	160	0.002250
29	491	0.002250
37	721	0.002250
32	835	0.002250
10	871	0.002247
24	986	0.002244
8	682	0.002241
19	314	0.002241
13	227	0.002241
13	255	0.002241
13	261	0.002241
19	392	0.002238
12	606	0.002237
28	60	0.002237
20	924	0.002235
39	980	0.002234
5	440	0.002231
33	862	0.002230
33	984	0.002230
26	297	0.002228
26	336	0.002228
31	827	0.002227
25	720	0.002219
37	798	0.002218
40	786	0.002214
23	106	0.002213
23	337	0.002213
23	374	0.002213
23	377	0.002213
24	990	0.002209
14	149	0.002207
11	930	0.002205
40	973	0.002205
34	913	0.002204
12	657	0.002204
8	720	0.002202
40	613	0.002201
31	609	0.002197
16	907	0.002193
25	431	0.002193
11	454	0.002188
2	966	0.002188
37	654	0.002188
37	928	0.002188
36	871	0.002182
1	543	0.002177
27	599	0.002170
6	155	0.002168
6	166	0.002168
6	243	0.002168
6	375	0.002168
6	577	0.002168
33	209	0.002167
9	161	0.002164
20	502	0.002161
14	964	0.002161
21	857	0.002161
22	473	0.002160
32	208	0.002157
36	793	0.002156
19	505	0.002155
15	500	0.002153
9	561	0.002151
23	233	0.002150
1	961	0.002148
5	651	0.002145
25	750	0.002142
19	282	0.002139
29	477	0.002134
31	923	0.002130
28	99	0.002129
28	829	0.002129
28	880	0.002129
9	224	0.002128
1	878	0.002120
14	935	0.002116
5	982	0.002115
2	362	0.002114
10	563	0.002108
20	177	0.002108
14	919	0.002108
33	410	0.002106
24	983	0.002098
2	48	0.002096
2	924	0.002096
28	424	0.002094
10	910	0.002092
24	8	0.002090
24	16	0.002090
24	40	0.002090
24	50	0.002090
24	67	0.002090
24	77	0.002090
24	141	0.002090
24	145	0.002090
24	200	0.002090
24	220	0.002090
24	235	0.002090
24	320	0.002090
24	325	0.002090
24	696	0.002090
24	833	0.002090
28	727	0.002090
21	828	0.002090
14	868	0.002081
27	629	0.002080
27	860	0.002080
27	873	0.002080
40	804	0.002080
28	229	0.002077
28	883	0.002077
31	917	0.002076
12	631	0.002076
13	152	0.002074
20	871	0.002074
20	877	0.002074
27	530	0.002073
14	351	0.002073
18	452	0.002071
18	860	0.002071
26	582	0.002068
26	766	0.002068
26	787	0.002068
25	765	0.002068
29	703	0.002067
23	934	0.002066
2	724	0.002060
19	812	0.002058
9	439	0.002056
27	685	0.002056
24	742	0.002053
13	82	0.002051
14	810	0.002051
32	708	0.002050
32	775	0.002050
29	820	0.002048
27	821	0.002046
20	466	0.002045
31	601	0.002043
9	167	0.002042
28	544	0.002035
10	414	0.002035
2	795	0.002032
6	660	0.002032
23	89	0.002031
34	420	0.002031
17	422	0.002030
11	972	0.002027
10	458	0.002027
10	603	0.002027
29	541	0.002024
29	560	0.002024
22	647	0.002023
39	69	0.002019
39	80	0.002019
39	181	0.002019
39	251	0.002019
39	265	0.002019
39	444	0.002019
39	510	0.002019
39	658	0.002019
39	995	0.002019
33	614	0.002018
7	838	0.002018
32	936	0.002016
8	939	0.002015
34	744	0.002012
10	694	0.002011
27	557	0.002010
30	922	0.002008
2	576	0.002008
33	599	0.002003
9	380	0.002000
7	542	0.002000
20	544	0.001998
23	946	0.001997
25	671	0.001996
33	470	0.001990
33	562	0.001990
6	267	0.001988
14	996	0.001988
1	457	0.001986
18	814	0.001985
40	913	0.001984
32	342	0.001982
36	673	0.001981
39	830	0.001980
22	161	0.001979
28	685	0.001978
17	703	0.001976
2	177	0.001974
2	981	0.001973
29	840	0.001971
26	685	0.001969
19	28	0.001967
19	165	0.001967
19	175	0.001967
19	199	0.001967
19	202	0.001967
19	272	0.001967
19	359	0.001967
2	351	0.001965
7	714	0.001963
25	537	0.001962
23	600	0.001960
9	745	0.001959
37	509	0.001958
37	543	0.001958
12	556	0.001956
12	798	0.001956
31	484	0.001955
21	650	0.001955
21	826	0.001955
24	271	0.001953
13	421	0.001952
11	269	0.001951
11	853	0.001951
36	694	0.001950
26	653	0.001950
22	425	0.001949
8	151	0.001946
8	247	0.001946
27	286	0.001945
19	459	0.001936
6	791	0.001932
37	490	0.001931
27	612	0.001928
40	642	0.001928
5	939	0.001924
2	847	0.001924
8	769	0.001923
21	422	0.001922
26	335	0.001921
26	623	0.001921
26	955	0.001921
13	77	0.001921
13	244	0.001921
13	339	0.001921
15	759	0.001921
9	916	0.001919
37	433	0.001918
27	227	0.001913
27	307	0.001913
27	369	0.001913
27	441	0.001913
27	911	0.001913
39	170	0.001911
1	859	0.001911
10	568	0.001911
20	930	0.001909
18	884	0.001904
18	901	0.001904
10	2	0.001903
10	972	0.001903
29	440	0.001901
30	417	0.001900
24	316	0.001896
23	373	0.001895
25	717	0.001895
31	381	0.001891
31	412	0.001891
31	850	0.001891
10	586	0.001888
39	64	0.001885
39	230	0.001885
28	621	0.001883
27	550	0.001883
21	921	0.001880
24	769	0.001878
5	434	0.001875
7	526	0.001874
12	516	0.001872
20	414	0.001871
21	753	0.001870
23	911	0.001866
6	259	0.001865
6	846	0.001860
39	208	0.001859
15	744	0.001854
37	927	0.001853
39	767	0.001853
18	170	0.001851
20	694	0.001848
29	558	0.001846
12	614	0.001844
24	382	0.001844
2	174	0.001844
39	548	0.001843
28	395	0.001838
11	881	0.001838
12	476	0.001838
21	476	0.001836
19	513	0.001830
33	925	0.001829
37	664	0.001828
37	693	0.001828
20	831	0.001828
40	819	0.001827
31	770	0.001826
18	687	0.001826
6	9	0.001825
6	153	0.001825
6	212	0.001825
6	379	0.001825
15	815	0.001824
5	594	0.001824
13	646	0.001822
26	671	0.001819
12	491	0.001817
8	230	0.001815
5	828	0.001813
23	402	0.001812
27	772	0.001810
19	208	0.001809
10	523	0.001809
32	454	0.001807
7	656	0.001806
24	19	0.001806
23	918	0.001805
23	566	0.001804
23	951	0.001804
23	992	0.001804
39	600	0.001801
32	732	0.001798
19	452	0.001797
19	771	0.001797
19	860	0.001797
26	551	0.001797
40	719	0.001795
27	608	0.001794
28	435	0.001794
28	872	0.001794
14	540	0.001793
14	830	0.001793
32	892	0.001792
5	615	0.001791
1	873	0.001791
31	341	0.001788
18	792	0.001788
8	866	0.001788
37	161	0.001787
11	340	0.001782
33	595	0.001779
14	822	0.001778
10	481	0.001774
25	104	0.001767
9	709	0.001767
2	605	0.001767
2	687	0.001767
32	146	0.001762
39	50	0.001761
39	88	0.001761
39	275	0.001761
39	546	0.001761
39	856	0.001761
39	935	0.001761
39	951	0.001761
39	992	0.001761
27	152	0.001760
14	573	0.001757
14	709	0.001757
22	608	0.001754
8	123	0.001752
18	152	0.001751
18	348	0.001751
18	840	0.001751
32	433	0.001749
19	119	0.001744
14	634	0.001743
5	855	0.001743
37	713	0.001743
11	351	0.001742
7	502	0.001741
14	643	0.001740
23	507	0.001736
19	750	0.001733
32	386	0.001733
15	832	0.001732
33	60	0.001730
33	553	0.001730
33	840	0.001730
19	811	0.001729
7	739	0.001725
26	615	0.001722
32	583	0.001718
36	481	0.001717
32	837	0.001715
23	163	0.001715
13	256	0.001714
33	161	0.001714
20	806	0.001713
28	269	0.001709
22	616	0.001709
37	646	0.001707
25	897	0.001707
10	634	0.001706
11	167	0.001703
7	177	0.001694
10	740	0.001693
40	834	0.001691
1	723	0.001690
36	149	0.001690
12	545	0.001689
27	228	0.001689
22	691	0.001687
39	725	0.001682
33	478	0.001682
18	743	0.001680
24	15	0.001680
24	361	0.001680
24	534	0.001680
24	736	0.001680
24	875	0.001680
24	989	0.001680
10	913	0.001680
14	752	0.001677
32	435	0.001676
19	701	0.001676
40	965	0.001671
29	673	0.001671
7	871	0.001663
37	488	0.001661
26	268	0.001660
26	271	0.001660
1	333	0.001658
23	612	0.001653
13	265	0.001650
25	694	0.001649
39	718	0.001645
22	642	0.001644
19	33	0.001642
19	205	0.001642
19	227	0.001642
19	817	0.001642
29	370	0.001642
2	590	0.001641
37	707	0.001639
33	960	0.001636
8	810	0.001635
29	866	0.001634
14	707	0.001629
9	720	0.001628
2	698	0.001624
2	944	0.001624
22	822	0.001623
29	642	0.001621
25	421	0.001621
25	657	0.001621
26	888	0.001621
27	4	0.001620
27	330	0.001620
27	349	0.001620
27	391	0.001620
27	493	0.001620
27	509	0.001620
27	598	0.001620
27	862	0.001620
8	831	0.001616
13	830	0.001615
1	907	0.001613
40	450	0.001613
18	766	0.001612
18	787	0.001612
18	959	0.001612
14	622	0.001612
28	649	0.001609
39	804	0.001608
6	743	0.001606
10	439	0.001603
14	314	0.001602
26	464	0.001601
8	863	0.001601
20	149	0.001596
32	609	0.001594
32	966	0.001594
19	531	0.001593
12	578	0.001593
12	693	0.001593
11	916	0.001592
33	229	0.001591
2	585	0.001590
39	252	0.001590
28	660	0.001590
32	997	0.001584
40	476	0.001581
11	878	0.001580
25	409	0.001579
23	101	0.001577
23	144	0.001577
23	188	0.001577
23	194	0.001577
23	203	0.001577
23	291	0.001577
23	344	0.001577
23	397	0.001577
23	411	0.001577
23	412	0.001577
23	534	0.001577
23	641	0.001577
23	875	0.001577
23	986	0.001577
15	863	0.001570
31	611	0.001569
21	404	0.001568
5	646	0.001564
24	532	0.001563
28	906	0.001562
22	769	0.001561
29	462	0.001559
12	569	0.001558
2	651	0.001557
2	986	0.001557
40	818	0.001556
14	113	0.001553
14	411	0.001553
14	957	0.001553
1	806	0.001552
19	248	0.001547
18	506	0.001546
7	563	0.001545
26	253	0.001544
26	756	0.001544
31	39	0.001542
31	202	0.001542
6	96	0.001540
6	235	0.001540
6	330	0.001540
6	598	0.001540
6	626	0.001540
39	219	0.001536
39	382	0.001536
39	662	0.001536
1	886	0.001535
32	789	0.001535
7	910	0.001531
37	616	0.001531
13	37	0.001530
13	263	0.001530
13	394	0.001530
14	961	0.001529
24	579	0.001527
8	389	0.001525
23	869	0.001522
20	753	0.001519
37	913	0.001518
24	880	0.001518
7	930	0.001517
6	545	0.001516
23	390	0.001516
32	157	0.001516
18	536	0.001514
12	713	0.001513
15	804	0.001513
25	580	0.001513
37	691	0.001510
24	225	0.001507
24	486	0.001507
33	685	0.001505
33	861	0.001505
30	531	0.001503
2	701	0.001492
7	673	0.001490
11	540	0.001488
11	830	0.001488
34	926	0.001487
1	700	0.001487
18	107	0.001483
18	130	0.001483
29	269	0.001480
29	853	0.001480
28	495	0.001478
36	420	0.001477
1	802	0.001477
34	907	0.001477
24	330	0.001475
24	391	0.001475
24	493	0.001475
23	990	0.001474
22	668	0.001473
22	700	0.001473
10	878	0.001472
28	793	0.001471
9	102	0.001470
37	148	0.001470
37	333	0.001470
39	865	0.001468
27	949	0.001467
11	457	0.001466
22	622	0.001464
23	856	0.001463
33	627	0.001463
31	624	0.001463
7	694	0.001463
13	216	0.001462
2	536	0.001461
14	368	0.001460
14	758	0.001460
20	439	0.001459
19	478	0.001457
9	924	0.001455
27	30	0.001453
18	520	0.001453
23	358	0.001450
9	647	0.001448
26	681	0.001446
5	252	0.001446
12	793	0.001445
28	259	0.001443
18	621	0.001442
29	469	0.001442
32	224	0.001441
32	516	0.001441
32	842	0.001441
24	257	0.001439
24	485	0.001439
14	578	0.001438
27	108	0.001438
26	159	0.001436
26	942	0.001436
39	413	0.001435
5	703	0.001431
13	866	0.001431
14	981	0.001431
2	474	0.001430
37	857	0.001430
33	370	0.001423
33	655	0.001423
33	839	0.001423
18	333	0.001423
11	597	0.001422
23	48	0.001422
14	60	0.001416
6	527	0.001414
11	962	0.001412
25	149	0.001411
9	537	0.001411
31	632	0.001408
22	484	0.001408
24	280	0.001406
26	656	0.001406
31	508	0.001405
9	423	0.001404
33	333	0.001403
39	258	0.001403
14	537	0.001401
2	517	0.001400
19	922	0.001399
21	759	0.001397
7	550	0.001397
14	501	0.001394
32	898	0.001394
13	555	0.001393
31	241	0.001392
31	475	0.001392
31	564	0.001392
37	769	0.001391
6	1	0.001390
39	878	0.001384
33	395	0.001384
33	499	0.001384
34	981	0.001380
23	100	0.001378
23	237	0.001378
23	933	0.001378
36	927	0.001375
28	221	0.001374
8	282	0.001374
8	410	0.001374
8	573	0.001374
27	65	0.001372
27	69	0.001372
27	151	0.001372
27	302	0.001372
19	49	0.001372
19	217	0.001372
19	365	0.001372
7	698	0.001371
33	675	0.001371
2	333	0.001371
2	939	0.001371
32	814	0.001371
32	847	0.001371
32	968	0.001371
1	450	0.001367
1	753	0.001367
17	643	0.001367
18	247	0.001364
18	390	0.001364
18	589	0.001364
18	658	0.001364
25	740	0.001363
1	530	0.001361
9	177	0.001354
24	28	0.001352
24	111	0.001352
24	186	0.001352
24	187	0.001352
24	198	0.001352
24	238	0.001352
24	373	0.001352
24	659	0.001352
23	500	0.001351
22	530	0.001348
2	439	0.001348
33	435	0.001345
33	872	0.001345
13	161	0.001345
19	286	0.001345
27	426	0.001344
5	891	0.001343
14	759	0.001342
9	800	0.001340
39	100	0.001340
39	119	0.001340
39	250	0.001340
39	269	0.001340
39	766	0.001340
39	851	0.001340
14	653	0.001337
32	259	0.001337
24	672	0.001336
13	982	0.001335
26	219	0.001334
29	519	0.001333
23	393	0.001332
14	99	0.001331
14	800	0.001331
9	871	0.001327
17	832	0.001323
2	390	0.001314
2	929	0.001314
36	457	0.001311
17	628	0.001309
32	543	0.001303
32	745	0.001303
5	820	0.001303
40	706	0.001302
23	297	0.001301
13	131	0.001299
13	189	0.001299
37	402	0.001299
31	904	0.001299
6	19	0.001298
6	80	0.001298
6	116	0.001298
6	122	0.001298
6	302	0.001298
6	390	0.001298
6	929	0.001298
6	995	0.001298
7	783	0.001297
31	999	0.001294
25	470	0.001294
14	360	0.001290
14	686	0.001290
14	883	0.001290
13	908	0.001289
2	594	0.001286
37	789	0.001281
8	974	0.001281
28	540	0.001277
28	967	0.001277
31	449	0.001275
33	555	0.001272
24	384	0.001270
8	616	0.001268
24	461	0.001267
14	286	0.001264
27	889	0.001262
27	950	0.001262
14	476	0.001262
7	481	0.001262
23	18	0.001259
23	738	0.001259
2	298	0.001259
2	717	0.001259
2	719	0.001259
20	794	0.001258
21	602	0.001257
36	796	0.001256
18	35	0.001255
18	622	0.001255
19	623	0.001253
32	917	0.001245
6	624	0.001243
34	611	0.001242
25	808	0.001240
18	790	0.001240
32	605	0.001239
10	707	0.001239
31	34	0.001236
18	981	0.001233
27	731	0.001227
12	630	0.001226
24	563	0.001225
34	909	0.001225
30	881	0.001224
23	985	0.001224
36	747	0.001220
31	80	0.001220
24	177	0.001219
33	789	0.001219
20	400	0.001217
13	245	0.001217
13	264	0.001217
13	874	0.001217
28	732	0.001216
19	465	0.001216
19	593	0.001216
7	653	0.001216
11	520	0.001213
6	925	0.001211
27	994	0.001210
36	797	0.001210
23	585	0.001209
5	974	0.001208
24	445	0.001208
6	973	0.001208
25	473	0.001206
24	702	0.001204
7	634	0.001204
23	779	0.001203
13	440	0.001202
31	663	0.001201
36	837	0.001200
39	450	0.001200
9	566	0.001196
9	897	0.001196
9	930	0.001196
10	980	0.001195
13	703	0.001194
8	477	0.001193
27	660	0.001193
39	978	0.001193
20	440	0.001192
27	799	0.001191
31	693	0.001190
23	922	0.001190
17	793	0.001187
23	108	0.001187
11	102	0.001185
1	754	0.001185
30	748	0.001183
5	700	0.001182
27	538	0.001181
26	585	0.001180
20	786	0.001178
32	163	0.001177
40	759	0.001175
12	420	0.001172
36	795	0.001172
11	924	0.001172
2	453	0.001171
2	650	0.001171
14	975	0.001171
33	964	0.001168
20	646	0.001168
39	171	0.001167
39	257	0.001167
39	311	0.001167
39	541	0.001167
39	560	0.001167
39	772	0.001167
24	498	0.001167
24	987	0.001167
28	747	0.001167
7	882	0.001165
25	878	0.001164
36	906	0.001162
27	110	0.001160
27	191	0.001160
27	240	0.001160
27	254	0.001160
11	943	0.001158
6	66	0.001157
6	731	0.001157
33	423	0.001155
2	123	0.001155
23	605	0.001153
18	218	0.001153
18	773	0.001153
18	784	0.001153
30	981	0.001152
26	930	0.001151
21	177	0.001150
13	548	0.001148
18	530	0.001147
39	664	0.001147
11	907	0.001146
19	80	0.001143
19	226	0.001143
19	283	0.001143
19	929	0.001143
31	334	0.001143
22	385	0.001142
24	426	0.001141
39	396	0.001140
6	464	0.001140
39	346	0.001138
29	616	0.001138
21	800	0.001137
33	224	0.001135
33	340	0.001135
33	893	0.001135
30	982	0.001134
13	170	0.001132
39	699	0.001132
32	919	0.001131
20	797	0.001129
15	445	0.001128
21	871	0.001124
6	154	0.001123
5	543	0.001123
23	53	0.001123
23	195	0.001123
23	218	0.001123
23	273	0.001123
23	288	0.001123
23	310	0.001123
23	322	0.001123
23	371	0.001123
23	940	0.001123
14	734	0.001122
32	258	0.001118
13	463	0.001118
27	470	0.001117
10	723	0.001117
24	298	0.001115
40	112	0.001114
39	537	0.001114
18	613	0.001114
20	707	0.001110
6	501	0.001110
20	982	0.001108
23	581	0.001106
2	554	0.001105
2	930	0.001105
39	259	0.001104
25	693	0.001104
13	861	0.001102
31	516	0.001101
28	846	0.001101
24	650	0.001100
5	983	0.001098
2	713	0.001096
5	625	0.001096
31	775	0.001093
6	22	0.001091
6	110	0.001091
6	254	0.001091
6	532	0.001091
6	958	0.001091
6	1000	0.001091
14	535	0.001091
32	648	0.001089
31	839	0.001087
22	763	0.001086
14	857	0.001085
24	620	0.001083
5	399	0.001082
5	925	0.001082
7	917	0.001081
11	936	0.001080
29	967	0.001078
8	724	0.001072
8	840	0.001072
19	727	0.001072
36	844	0.001071
23	955	0.001068
22	492	0.001068
14	812	0.001068
14	909	0.001068
26	509	0.001067
26	528	0.001067
11	800	0.001067
1	590	0.001066
22	907	0.001065
27	762	0.001065
19	127	0.001065
10	977	0.001064
17	471	0.001064
29	861	0.001064
39	937	0.001063
32	651	0.001061
24	796	0.001061
10	630	0.001060
29	457	0.001059
2	810	0.001058
18	182	0.001058
18	494	0.001058
18	524	0.001058
18	712	0.001058
18	996	0.001058
34	978	0.001057
24	358	0.001056
11	342	0.001055
11	877	0.001055
22	590	0.001054
9	579	0.001054
9	586	0.001054
8	457	0.001053
14	461	0.001051
12	904	0.001051
32	838	0.001047
23	207	0.001047
28	640	0.001047
6	810	0.001044
5	362	0.001043
5	602	0.001043
39	916	0.001043
19	950	0.001042
26	474	0.001041
33	259	0.001041
33	715	0.001041
13	237	0.001040
13	250	0.001040
9	806	0.001040
1	346	0.001037
24	781	0.001035
27	647	0.001032
9	580	0.001031
13	616	0.001029
26	925	0.001028
28	538	0.001027
39	409	0.001025
37	754	0.001023
1	467	0.001023
28	517	0.001021
28	765	0.001021
23	3	0.001021
26	763	0.001021
27	389	0.001020
6	590	0.001019
31	10	0.001018
31	54	0.001018
31	84	0.001018
31	143	0.001018
31	166	0.001018
31	275	0.001018
31	332	0.001018
31	503	0.001018
31	636	0.001018
31	768	0.001018
31	998	0.001018
1	866	0.001017
6	229	0.001016
39	180	0.001014
39	196	0.001014
39	360	0.001014
39	534	0.001014
10	819	0.001013
2	524	0.001012
12	921	0.001011
23	518	0.001011
33	745	0.001011
33	764	0.001011
23	461	0.001010
9	862	0.001009
37	406	0.001009
29	417	0.001007
32	714	0.001007
12	450	0.001003
12	893	0.001003
21	930	0.001002
14	514	0.001001
14	640	0.001001
23	123	0.000999
23	212	0.000999
23	246	0.000999
6	159	0.000998
24	782	0.000997
20	844	0.000994
8	434	0.000992
18	580	0.000991
21	852	0.000991
23	540	0.000990
32	608	0.000989
17	926	0.000989
26	189	0.000989
26	437	0.000989
26	438	0.000989
26	571	0.000989
26	595	0.000989
31	893	0.000987
5	457	0.000986
28	656	0.000982
29	561	0.000982
2	941	0.000979
23	351	0.000979
27	7	0.000976
27	662	0.000976
27	670	0.000976
27	984	0.000976
25	607	0.000972
28	740	0.000971
26	693	0.000970
23	592	0.000970
24	546	0.000969
14	581	0.000969
24	881	0.000968
2	389	0.000968
33	754	0.000967
33	845	0.000967
19	509	0.000967
24	348	0.000967
24	456	0.000967
23	510	0.000966
31	506	0.000965
17	568	0.000962
8	229	0.000961
13	785	0.000960
12	818	0.000958
32	474	0.000955
28	551	0.000953
23	546	0.000953
22	759	0.000952
10	700	0.000948
23	742	0.000948
19	53	0.000947
19	115	0.000947
19	178	0.000947
19	241	0.000947
19	340	0.000947
19	741	0.000947
19	992	0.000947
9	451	0.000946
9	798	0.000946
40	868	0.000946
1	714	0.000943
12	963	0.000943
21	831	0.000942
15	978	0.000941
22	906	0.000941
23	868	0.000940
39	759	0.000940
28	423	0.000939
31	926	0.000939
14	66	0.000938
12	684	0.000935
5	960	0.000931
2	681	0.000931
32	742	0.000929
27	794	0.000929
18	233	0.000927
8	806	0.000925
23	485	0.000923
7	569	0.000921
19	962	0.000920
24	66	0.000920
37	460	0.000918
23	615	0.000917
25	980	0.000915
13	753	0.000915
2	783	0.000915
11	673	0.000914
11	892	0.000914
5	558	0.000914
18	540	0.000913
18	830	0.000913
16	881	0.000913
19	859	0.000911
6	7	0.000911
6	219	0.000911
6	357	0.000911
6	442	0.000911
6	594	0.000911
6	633	0.000911
6	894	0.000911
2	813	0.000911
40	424	0.000910
31	682	0.000909
23	76	0.000908
23	146	0.000908
23	352	0.000908
23	468	0.000908
18	556	0.000906
32	449	0.000905
32	939	0.000905
2	666	0.000904
36	971	0.000904
31	799	0.000902
19	644	0.000900
28	177	0.000897
28	886	0.000897
28	936	0.000897
33	667	0.000897
33	776	0.000897
34	727	0.000895
10	104	0.000894
31	121	0.000893
31	267	0.000893
31	940	0.000893
27	573	0.000893
27	716	0.000893
27	733	0.000893
26	936	0.000891
33	451	0.000890
27	920	0.000889
6	761	0.000888
23	160	0.000886
23	350	0.000886
23	456	0.000886
23	947	0.000886
27	818	0.000886
13	311	0.000885
40	808	0.000883
24	418	0.000882
22	640	0.000881
11	676	0.000881
32	671	0.000880
31	606	0.000880
34	837	0.000878
32	926	0.000878
16	748	0.000876
39	105	0.000876
39	223	0.000876
39	354	0.000876
39	505	0.000876
39	621	0.000876
37	434	0.000876
20	886	0.000872
23	82	0.000871
23	950	0.000871
33	492	0.000870
11	386	0.000870
7	904	0.000868
31	762	0.000868
7	962	0.000867
27	597	0.000866
27	743	0.000866
37	866	0.000865
6	342	0.000864
16	679	0.000864
13	863	0.000861
12	692	0.000861
24	43	0.000860
24	85	0.000860
24	124	0.000860
24	126	0.000860
24	144	0.000860
24	147	0.000860
24	162	0.000860
24	176	0.000860
24	185	0.000860
24	188	0.000860
24	203	0.000860
24	270	0.000860
24	277	0.000860
24	412	0.000860
24	836	0.000860
24	864	0.000860
24	985	0.000860
19	129	0.000859
23	328	0.000859
27	804	0.000859
39	747	0.000859
26	907	0.000858
24	806	0.000857
22	723	0.000857
18	913	0.000856
32	729	0.000856
27	1	0.000853
23	520	0.000853
40	843	0.000853
28	686	0.000851
22	803	0.000851
14	979	0.000849
8	673	0.000847
26	242	0.000845
25	844	0.000845
6	584	0.000844
2	573	0.000844
1	362	0.000843
19	793	0.000841
27	585	0.000840
14	562	0.000838
23	52	0.000838
23	968	0.000838
19	879	0.000837
7	679	0.000836
20	700	0.000833
32	594	0.000833
32	848	0.000833
2	737	0.000833
7	747	0.000833
19	153	0.000832
19	497	0.000832
31	958	0.000831
6	413	0.000830
23	939	0.000829
28	767	0.000828
25	891	0.000826
8	370	0.000826
8	839	0.000826
11	906	0.000824
24	803	0.000823
23	403	0.000822
22	656	0.000821
25	642	0.000821
14	968	0.000820
33	648	0.000818
11	941	0.000818
31	251	0.000817
31	929	0.000817
31	995	0.000817
29	362	0.000815
27	100	0.000815
27	164	0.000815
27	274	0.000815
27	587	0.000815
27	588	0.000815
27	791	0.000815
27	851	0.000815
27	853	0.000815
39	981	0.000814
21	523	0.000813
39	65	0.000812
39	435	0.000812
39	688	0.000812
24	247	0.000812
13	843	0.000811
32	761	0.000810
19	685	0.000810
24	565	0.000809
40	930	0.000809
18	169	0.000808
18	791	0.000808
1	553	0.000808
39	424	0.000807
28	895	0.000806
24	163	0.000806
2	949	0.000805
6	597	0.000805
6	632	0.000805
10	737	0.000803
19	530	0.000801
26	104	0.000801
31	569	0.000801
21	796	0.000800
31	582	0.000800
23	501	0.000800
7	547	0.000799
22	553	0.000797
6	674	0.000797
39	461	0.000797
13	876	0.000797
22	982	0.000793
17	445	0.000793
26	689	0.000792
14	858	0.000792
1	423	0.000791
9	355	0.000790
25	857	0.000789
11	631	0.000787
13	252	0.000787
2	614	0.000786
23	4	0.000782
23	62	0.000782
23	77	0.000782
23	109	0.000782
23	244	0.000782
23	247	0.000782
23	391	0.000782
23	498	0.000782
23	607	0.000782
20	104	0.000782
15	635	0.000782
17	530	0.000779
19	416	0.000777
19	633	0.000777
13	583	0.000777
32	424	0.000776
31	552	0.000774
11	681	0.000773
9	473	0.000772
9	543	0.000772
7	980	0.000771
32	466	0.000769
40	694	0.000767
27	506	0.000766
27	559	0.000766
13	355	0.000765
24	872	0.000765
5	370	0.000765
5	621	0.000765
8	462	0.000764
8	728	0.000764
28	897	0.000763
24	107	0.000761
24	625	0.000761
24	720	0.000758
27	826	0.000756
6	164	0.000754
6	588	0.000754
6	851	0.000754
6	899	0.000754
6	959	0.000754
20	561	0.000753
40	979	0.000752
39	51	0.000752
39	377	0.000752
12	492	0.000751
27	832	0.000750
12	907	0.000749
32	927	0.000748
37	640	0.000748
2	976	0.000748
24	23	0.000748
24	480	0.000748
24	788	0.000748
24	901	0.000748
11	666	0.000748
26	454	0.000747
31	494	0.000747
13	10	0.000747
13	95	0.000747
13	200	0.000747
29	819	0.000746
19	999	0.000746
12	460	0.000745
33	846	0.000744
33	896	0.000744
14	563	0.000743
31	630	0.000743
27	113	0.000742
27	957	0.000742
20	703	0.000739
23	890	0.000737
32	740	0.000736
18	113	0.000735
18	379	0.000735
18	669	0.000735
5	499	0.000734
23	559	0.000734
23	565	0.000734
29	763	0.000734
24	370	0.000730
22	800	0.000730
23	539	0.000729
1	871	0.000729
1	877	0.000729
39	530	0.000729
11	721	0.000728
31	482	0.000727
31	771	0.000727
19	456	0.000726
19	612	0.000726
15	980	0.000725
39	734	0.000725
27	976	0.000725
32	464	0.000722
24	515	0.000719
24	848	0.000719
33	820	0.000719
31	842	0.000719
14	740	0.000719
24	734	0.000716
26	146	0.000716
26	223	0.000716
26	354	0.000716
12	346	0.000714
18	474	0.000712
18	527	0.000712
14	605	0.000712
23	909	0.000712
11	798	0.000709
22	424	0.000708
6	565	0.000706
12	434	0.000706
24	237	0.000706
24	491	0.000706
40	881	0.000705
8	853	0.000704
5	728	0.000704
12	805	0.000702
19	716	0.000701
19	733	0.000701
18	533	0.000701
23	777	0.000700
23	996	0.000700
2	509	0.000695
2	522	0.000695
14	511	0.000695
8	574	0.000695
39	157	0.000695
39	376	0.000695
39	757	0.000695
5	769	0.000689
29	700	0.000688
23	623	0.000687
25	802	0.000686
19	65	0.000686
19	435	0.000686
20	734	0.000685
11	460	0.000685
39	671	0.000684
6	509	0.000683
5	819	0.000682
32	79	0.000681
32	554	0.000681
32	897	0.000681
32	935	0.000681
13	446	0.000678
39	654	0.000676
24	112	0.000676
8	469	0.000676
33	765	0.000674
39	422	0.000674
34	819	0.000673
27	171	0.000673
27	511	0.000673
27	854	0.000673
31	941	0.000673
28	870	0.000672
24	956	0.000670
19	464	0.000669
23	334	0.000669
33	643	0.000669
22	740	0.000669
37	724	0.000668
21	439	0.000668
19	599	0.000668
39	154	0.000667
18	758	0.000667
6	961	0.000666
1	843	0.000666
27	707	0.000665
19	949	0.000664
11	445	0.000663
8	789	0.000662
14	689	0.000662
25	834	0.000658
28	568	0.000657
26	122	0.000657
26	688	0.000657
26	812	0.000657
24	918	0.000656
27	693	0.000656
7	630	0.000656
39	979	0.000656
31	433	0.000655
10	500	0.000655
18	570	0.000653
19	585	0.000652
33	102	0.000652
33	683	0.000652
11	530	0.000650
6	170	0.000649
6	533	0.000649
8	690	0.000648
8	834	0.000648
26	972	0.000647
37	502	0.000647
5	555	0.000646
29	748	0.000646
24	356	0.000646
24	612	0.000646
26	714	0.000645
9	400	0.000645
31	53	0.000644
23	184	0.000642
23	211	0.000642
23	311	0.000642
32	463	0.000641
32	746	0.000641
39	121	0.000640
39	234	0.000640
39	452	0.000640
39	629	0.000640
39	741	0.000640
39	780	0.000640
27	60	0.000640
29	895	0.000640
31	551	0.000639
1	561	0.000638
6	517	0.000638
15	148	0.000638
14	706	0.000637
11	614	0.000637
6	586	0.000635
18	60	0.000634
31	809	0.000633
1	982	0.000632
32	676	0.000631
23	944	0.000630
24	820	0.000629
27	5	0.000629
27	929	0.000629
19	100	0.000629
19	179	0.000629
19	274	0.000629
19	331	0.000629
19	588	0.000629
19	682	0.000629
19	851	0.000629
19	899	0.000629
19	987	0.000629
19	991	0.000629
20	652	0.000627
2	971	0.000626
5	668	0.000625
22	910	0.000625
32	727	0.000625
28	580	0.000624
23	347	0.000623
33	857	0.000623
32	657	0.000621
31	528	0.000621
8	964	0.000621
27	380	0.000621
33	724	0.000619
29	74	0.000619
39	177	0.000619
39	717	0.000619
39	761	0.000619
18	501	0.000618
18	879	0.000618
6	248	0.000616
6	387	0.000616
6	438	0.000616
6	595	0.000616
6	779	0.000616
22	930	0.000615
1	852	0.000615
24	97	0.000613
24	173	0.000613
24	367	0.000613
24	738	0.000613
34	466	0.000613
26	740	0.000613
10	905	0.000613
40	481	0.000612
2	693	0.000612
37	796	0.000610
28	425	0.000608
7	806	0.000607
14	104	0.000607
28	984	0.000606
22	852	0.000605
39	470	0.000605
39	562	0.000605
36	30	0.000605
20	748	0.000605
37	800	0.000605
25	450	0.000604
24	607	0.000603
18	903	0.000602
26	39	0.000600
23	19	0.000599
23	302	0.000599
23	658	0.000599
14	613	0.000598
6	862	0.000597
31	930	0.000597
1	458	0.000596
31	733	0.000596
31	928	0.000596
2	553	0.000596
2	840	0.000596
7	108	0.000595
20	403	0.000595
8	519	0.000595
13	499	0.000594
37	877	0.000594
40	888	0.000594
11	436	0.000593
10	975	0.000592
24	973	0.000592
5	453	0.000591
5	690	0.000591
5	834	0.000591
13	763	0.000591
31	846	0.000590
14	790	0.000590
24	699	0.000590
9	558	0.000590
5	763	0.000589
39	52	0.000588
33	739	0.000588
33	848	0.000588
36	861	0.000587
37	424	0.000584
6	840	0.000584
21	433	0.000583
31	43	0.000582
31	365	0.000582
31	509	0.000582
26	668	0.000580
32	906	0.000580
19	551	0.000579
26	962	0.000577
22	694	0.000576
1	676	0.000576
5	837	0.000576
33	763	0.000576
29	414	0.000575
36	905	0.000575
7	997	0.000575
9	488	0.000574
1	831	0.000573
6	695	0.000573
25	112	0.000573
11	796	0.000572
18	880	0.000571
27	592	0.000571
29	603	0.000571
13	820	0.000570
19	608	0.000569
11	584	0.000568
14	651	0.000567
33	717	0.000567
33	761	0.000567
13	388	0.000566
13	567	0.000566
32	81	0.000565
32	366	0.000565
31	962	0.000565
39	858	0.000563
31	835	0.000562
7	668	0.000561
7	700	0.000561
19	379	0.000561
11	420	0.000560
24	48	0.000559
31	679	0.000556
19	557	0.000555
13	854	0.000554
32	806	0.000553
23	650	0.000550
23	148	0.000549
23	683	0.000549
1	535	0.000548
1	926	0.000548
31	65	0.000548
26	48	0.000547
26	66	0.000547
26	678	0.000547
26	757	0.000547
32	631	0.000547
27	196	0.000546
27	204	0.000546
27	360	0.000546
27	384	0.000546
27	482	0.000546
29	599	0.000546
31	660	0.000545
23	514	0.000544
12	362	0.000544
8	734	0.000544
29	684	0.000542
24	905	0.000542
31	817	0.000542
40	703	0.000541
40	753	0.000541
15	531	0.000541
6	764	0.000540
5	224	0.000539
24	297	0.000539
39	764	0.000538
31	862	0.000538
12	679	0.000536
32	970	0.000536
37	804	0.000534
22	618	0.000534
24	704	0.000534
2	99	0.000534
2	960	0.000534
6	946	0.000532
14	481	0.000532
24	406	0.000531
27	6	0.000530
26	928	0.000529
23	597	0.000529
13	734	0.000529
24	695	0.000528
13	457	0.000527
33	230	0.000527
33	686	0.000527
31	525	0.000527
13	821	0.000525
13	890	0.000525
1	568	0.000525
27	640	0.000525
36	866	0.000524
14	506	0.000523
14	565	0.000523
13	855	0.000523
24	795	0.000522
6	859	0.000522
19	645	0.000519
31	617	0.000519
8	259	0.000519
24	686	0.000518
23	201	0.000518
23	204	0.000518
23	222	0.000518
23	263	0.000518
23	280	0.000518
23	428	0.000518
23	774	0.000518
23	864	0.000518
19	550	0.000517
27	518	0.000517
7	104	0.000516
9	608	0.000516
2	445	0.000512
13	269	0.000512
13	514	0.000512
22	972	0.000512
32	704	0.000511
11	740	0.000510
8	820	0.000509
24	115	0.000508
24	218	0.000508
24	760	0.000508
24	958	0.000508
33	767	0.000507
27	464	0.000507
6	754	0.000504
26	906	0.000503
31	614	0.000502
18	418	0.000502
18	674	0.000502
14	536	0.000502
15	808	0.000500
2	530	0.000500
24	824	0.000499
19	184	0.000498
19	341	0.000498
19	772	0.000498
26	224	0.000496
26	340	0.000496
26	887	0.000496
26	1000	0.000496
31	111	0.000494
31	190	0.000494
31	353	0.000494
31	359	0.000494
31	427	0.000494
31	687	0.000494
31	749	0.000494
18	689	0.000494
32	721	0.000494
17	727	0.000493
6	207	0.000493
6	242	0.000493
23	285	0.000492
26	530	0.000491
39	7	0.000491
39	687	0.000491
34	737	0.000491
2	707	0.000489
6	530	0.000489
33	674	0.000488
33	895	0.000488
6	568	0.000488
32	30	0.000488
9	852	0.000487
31	713	0.000487
26	926	0.000487
14	976	0.000486
10	420	0.000486
13	268	0.000486
13	469	0.000486
24	350	0.000485
14	550	0.000484
5	684	0.000483
18	685	0.000483
37	471	0.000482
24	462	0.000481
14	527	0.000481
26	614	0.000479
22	679	0.000478
37	673	0.000478
31	1	0.000478
23	872	0.000477
11	693	0.000473
11	832	0.000473
19	814	0.000473
18	492	0.000472
8	221	0.000471
24	463	0.000471
39	719	0.000471
23	803	0.000470
31	963	0.000470
27	554	0.000470
27	825	0.000470
37	672	0.000468
9	844	0.000467
26	800	0.000466
11	794	0.000466
5	762	0.000465
26	568	0.000464
18	897	0.000464
1	523	0.000464
31	420	0.000464
23	720	0.000463
31	669	0.000462
24	446	0.000461
31	634	0.000461
24	822	0.000460
14	765	0.000460
32	236	0.000460
32	928	0.000460
6	898	0.000460
28	439	0.000460
22	574	0.000459
10	815	0.000458
25	799	0.000457
19	5	0.000457
19	181	0.000457
37	737	0.000456
26	439	0.000455
29	984	0.000453
24	490	0.000452
6	723	0.000451
33	566	0.000451
32	679	0.000450
24	774	0.000449
24	802	0.000449
24	883	0.000449
19	762	0.000449
6	667	0.000447
6	967	0.000447
26	814	0.000447
26	968	0.000447
9	642	0.000446
28	466	0.000445
39	163	0.000445
39	297	0.000445
39	336	0.000445
39	667	0.000445
12	871	0.000444
12	877	0.000444
11	501	0.000443
31	924	0.000443
24	938	0.000443
10	538	0.000442
23	21	0.000442
23	22	0.000442
23	50	0.000442
23	88	0.000442
23	191	0.000442
23	450	0.000442
33	616	0.000442
24	719	0.000442
36	744	0.000441
2	523	0.000439
15	661	0.000438
6	608	0.000436
12	424	0.000434
39	861	0.000434
22	481	0.000434
27	197	0.000433
27	370	0.000433
27	479	0.000433
27	711	0.000433
33	405	0.000433
10	803	0.000432
24	3	0.000429
24	514	0.000429
33	414	0.000428
23	876	0.000427
32	576	0.000427
32	949	0.000427
24	602	0.000425
31	936	0.000425
7	684	0.000424
31	746	0.000421
20	759	0.000420
14	943	0.000420
9	857	0.000420
2	552	0.000420
24	451	0.000419
18	676	0.000419
23	579	0.000419
19	821	0.000418
6	554	0.000418
6	566	0.000418
6	893	0.000418
26	575	0.000416
26	584	0.000416
24	458	0.000415
33	606	0.000415
18	642	0.000415
24	661	0.000415
24	971	0.000414
32	618	0.000414
34	692	0.000414
31	812	0.000414
31	849	0.000414
25	689	0.000413
24	44	0.000412
24	477	0.000412
24	489	0.000412
24	639	0.000412
13	89	0.000412
13	90	0.000412
13	121	0.000412
13	234	0.000412
13	240	0.000412
13	254	0.000412
13	371	0.000412
13	429	0.000412
32	614	0.000411
19	794	0.000410
24	707	0.000410
1	653	0.000410
23	707	0.000404
8	404	0.000404
29	556	0.000403
18	395	0.000402
18	583	0.000402
39	228	0.000402
39	743	0.000402
14	5	0.000401
14	151	0.000401
14	695	0.000401
24	979	0.000400
26	480	0.000400
26	841	0.000400
11	613	0.000400
11	859	0.000400
24	407	0.000400
31	550	0.000400
12	740	0.000399
34	679	0.000399
37	698	0.000398
37	941	0.000398
37	972	0.000398
36	643	0.000398
26	400	0.000398
33	684	0.000397
32	491	0.000396
32	974	0.000396
8	466	0.000394
23	988	0.000394
9	769	0.000394
2	694	0.000393
18	869	0.000393
13	717	0.000393
31	591	0.000392
1	975	0.000391
24	916	0.000390
23	112	0.000389
23	657	0.000389
32	439	0.000388
39	99	0.000387
23	2	0.000387
32	852	0.000387
29	654	0.000387
13	574	0.000386
24	390	0.000386
24	658	0.000386
31	712	0.000386
1	913	0.000386
23	210	0.000385
23	596	0.000385
29	782	0.000383
31	522	0.000383
31	30	0.000383
6	59	0.000382
6	71	0.000382
6	76	0.000382
6	105	0.000382
6	223	0.000382
6	338	0.000382
6	463	0.000382
6	479	0.000382
6	549	0.000382
6	593	0.000382
6	606	0.000382
6	778	0.000382
6	999	0.000382
17	723	0.000382
8	709	0.000382
24	925	0.000382
9	828	0.000382
14	426	0.000382
14	819	0.000382
27	435	0.000381
19	1	0.000381
19	15	0.000381
19	263	0.000381
19	394	0.000381
19	864	0.000381
19	989	0.000381
13	974	0.000380
23	395	0.000380
13	434	0.000380
24	453	0.000379
31	460	0.000379
31	502	0.000379
23	782	0.000378
18	65	0.000376
18	393	0.000376
23	149	0.000375
14	828	0.000375
23	74	0.000374
10	423	0.000374
11	797	0.000372
33	870	0.000372
22	753	0.000369
24	442	0.000367
2	395	0.000367
10	400	0.000367
14	831	0.000366
32	665	0.000365
27	751	0.000364
23	575	0.000364
24	501	0.000364
33	604	0.000363
31	331	0.000363
31	900	0.000363
14	615	0.000363
14	821	0.000363
6	538	0.000363
19	474	0.000361
12	910	0.000361
39	147	0.000360
39	229	0.000360
26	670	0.000356
26	687	0.000356
26	867	0.000356
31	715	0.000356
24	819	0.000356
33	2	0.000355
33	941	0.000355
23	122	0.000355
23	812	0.000355
10	855	0.000354
24	910	0.000352
29	401	0.000351
8	346	0.000351
10	823	0.000350
23	550	0.000349
23	480	0.000349
23	788	0.000349
6	524	0.000348
37	783	0.000348
40	569	0.000348
24	596	0.000347
23	801	0.000347
39	707	0.000346
5	569	0.000346
28	511	0.000346
24	557	0.000346
36	161	0.000345
19	994	0.000345
23	214	0.000345
31	478	0.000345
31	903	0.000345
5	466	0.000344
19	30	0.000343
2	435	0.000342
24	76	0.000341
24	352	0.000341
40	457	0.000341
19	873	0.000341
20	643	0.000341
5	401	0.000340
36	423	0.000340
9	700	0.000339
19	504	0.000338
34	763	0.000338
26	591	0.000337
31	474	0.000337
11	804	0.000337
24	209	0.000335
32	473	0.000335
32	509	0.000335
24	671	0.000334
36	400	0.000333
19	660	0.000333
9	622	0.000333
9	802	0.000333
11	873	0.000332
28	832	0.000332
27	51	0.000332
27	155	0.000332
6	65	0.000332
24	877	0.000331
33	631	0.000330
31	750	0.000330
11	980	0.000329
31	810	0.000329
26	832	0.000327
8	747	0.000327
18	264	0.000326
18	862	0.000326
18	966	0.000326
24	108	0.000326
13	604	0.000326
24	216	0.000325
37	481	0.000324
6	941	0.000323
21	844	0.000323
39	161	0.000322
36	919	0.000322
26	611	0.000321
9	789	0.000321
32	961	0.000321
26	794	0.000320
40	713	0.000320
31	400	0.000320
18	783	0.000318
23	822	0.000318
31	517	0.000318
36	823	0.000317
24	793	0.000317
24	395	0.000316
31	798	0.000315
6	81	0.000315
6	579	0.000315
12	737	0.000315
13	599	0.000313
26	947	0.000313
24	268	0.000313
20	647	0.000312
5	732	0.000312
19	118	0.000310
19	893	0.000310
9	453	0.000309
37	149	0.000309
36	868	0.000308
39	685	0.000307
34	975	0.000307
33	574	0.000306
39	425	0.000306
23	28	0.000306
23	29	0.000306
23	97	0.000306
23	98	0.000306
23	173	0.000306
23	186	0.000306
23	266	0.000306
23	375	0.000306
23	382	0.000306
23	427	0.000306
23	464	0.000306
23	735	0.000306
23	790	0.000306
23	874	0.000306
23	966	0.000306
2	591	0.000305
22	702	0.000305
13	481	0.000304
24	932	0.000304
31	227	0.000304
31	255	0.000304
31	572	0.000304
31	639	0.000304
31	994	0.000304
20	628	0.000303
7	30	0.000302
19	552	0.000302
5	346	0.000301
27	233	0.000300
33	704	0.000298
31	652	0.000298
19	632	0.000297
31	459	0.000296
23	905	0.000295
31	732	0.000294
11	616	0.000293
37	653	0.000293
26	709	0.000293
7	451	0.000292
14	123	0.000291
14	620	0.000291
37	973	0.000291
19	543	0.000291
31	645	0.000291
6	436	0.000291
25	714	0.000289
7	763	0.000289
23	635	0.000289
24	968	0.000287
21	977	0.000286
12	459	0.000285
39	727	0.000285
31	794	0.000285
27	453	0.000285
28	713	0.000284
6	3	0.000283
6	51	0.000283
6	266	0.000283
6	377	0.000283
6	853	0.000283
24	982	0.000283
39	107	0.000281
39	335	0.000281
39	358	0.000281
39	527	0.000281
39	623	0.000281
11	691	0.000281
12	618	0.000281
31	943	0.000281
24	730	0.000281
29	355	0.000280
27	673	0.000280
18	285	0.000279
18	650	0.000279
18	757	0.000279
18	798	0.000279
31	513	0.000279
26	713	0.000279
32	560	0.000278
13	357	0.000277
12	870	0.000277
23	931	0.000277
19	197	0.000277
19	352	0.000277
19	354	0.000277
19	370	0.000277
19	479	0.000277
19	486	0.000277
19	790	0.000277
23	6	0.000276
31	648	0.000274
40	863	0.000274
31	970	0.000273
20	425	0.000273
27	649	0.000273
26	228	0.000273
26	632	0.000273
26	698	0.000273
26	732	0.000273
23	79	0.000272
7	460	0.000272
31	532	0.000270
39	691	0.000269
9	681	0.000268
6	666	0.000268
33	149	0.000267
33	798	0.000267
18	603	0.000267
31	684	0.000266
23	914	0.000266
27	724	0.000266
29	843	0.000266
9	425	0.000266
12	568	0.000265
26	586	0.000265
28	613	0.000264
19	170	0.000263
6	557	0.000263
13	831	0.000262
33	863	0.000261
12	941	0.000261
12	972	0.000261
40	707	0.000261
6	581	0.000260
23	678	0.000259
31	716	0.000258
14	79	0.000258
14	450	0.000258
14	566	0.000258
23	661	0.000257
18	154	0.000257
39	655	0.000257
27	544	0.000256
11	333	0.000256
31	786	0.000256
23	919	0.000256
23	531	0.000255
24	724	0.000253
12	586	0.000253
15	918	0.000253
26	648	0.000253
5	720	0.000252
19	395	0.000252
29	490	0.000252
29	855	0.000252
32	297	0.000251
23	943	0.000250
21	819	0.000250
36	740	0.000249
39	676	0.000249
31	184	0.000248
31	758	0.000248
31	779	0.000248
2	690	0.000247
2	826	0.000247
33	634	0.000245
37	476	0.000245
39	333	0.000244
24	62	0.000244
24	94	0.000244
24	109	0.000244
24	114	0.000244
24	165	0.000244
24	217	0.000244
24	232	0.000244
24	292	0.000244
24	326	0.000244
24	331	0.000244
24	339	0.000244
24	577	0.000244
24	899	0.000244
24	933	0.000244
24	991	0.000244
24	993	0.000244
19	715	0.000244
19	777	0.000244
23	284	0.000244
25	526	0.000242
17	808	0.000242
24	855	0.000242
40	431	0.000242
23	724	0.000241
31	586	0.000241
28	635	0.000241
27	267	0.000240
27	372	0.000240
27	452	0.000240
27	741	0.000240
39	754	0.000239
36	804	0.000239
28	607	0.000238
31	597	0.000238
23	983	0.000237
6	48	0.000237
6	285	0.000237
6	376	0.000237
6	548	0.000237
6	656	0.000237
13	356	0.000236
13	401	0.000235
18	224	0.000235
18	836	0.000235
18	1000	0.000235
29	538	0.000234
26	682	0.000234
5	896	0.000234
32	502	0.000233
39	395	0.000233
39	583	0.000233
18	980	0.000232
40	920	0.000229
31	927	0.000228
6	943	0.000228
37	439	0.000227
26	783	0.000226
28	707	0.000225
2	154	0.000225
14	746	0.000225
8	855	0.000224
15	975	0.000223
33	819	0.000223
6	410	0.000223
6	928	0.000223
39	628	0.000222
23	541	0.000222
2	161	0.000221
33	530	0.000219
19	506	0.000219
23	895	0.000219
15	913	0.000218
13	706	0.000217
6	551	0.000217
23	476	0.000216
21	997	0.000215
6	600	0.000215
23	1	0.000215
23	372	0.000215
23	629	0.000215
23	680	0.000215
23	836	0.000215
31	627	0.000215
26	720	0.000215
12	783	0.000214
14	963	0.000214
31	765	0.000214
2	561	0.000214
13	789	0.000214
31	589	0.000212
23	666	0.000211
27	974	0.000211
19	470	0.000211
19	898	0.000211
6	544	0.000210
24	937	0.000210
39	5	0.000209
39	151	0.000209
39	589	0.000209
39	695	0.000209
33	6	0.000209
33	866	0.000209
24	815	0.000207
8	602	0.000207
23	824	0.000207
24	574	0.000206
13	728	0.000205
39	423	0.000205
21	668	0.000204
24	7	0.000203
24	605	0.000203
31	783	0.000203
31	837	0.000202
8	782	0.000202
23	834	0.000201
6	927	0.000200
31	491	0.000200
9	715	0.000199
32	859	0.000199
11	828	0.000198
10	891	0.000197
27	847	0.000197
5	527	0.000197
26	565	0.000196
26	701	0.000196
33	898	0.000194
36	471	0.000194
6	224	0.000194
6	334	0.000194
6	629	0.000194
6	741	0.000194
6	780	0.000194
6	836	0.000194
6	860	0.000194
6	940	0.000194
25	628	0.000193
19	845	0.000193
12	481	0.000192
18	847	0.000192
18	968	0.000192
22	569	0.000191
24	113	0.000188
24	957	0.000188
8	417	0.000188
13	576	0.000188
17	661	0.000187
23	851	0.000186
23	959	0.000186
20	804	0.000186
29	865	0.000185
24	282	0.000185
22	457	0.000185
6	790	0.000184
19	166	0.000183
19	173	0.000183
19	243	0.000183
19	266	0.000183
19	290	0.000183
19	454	0.000183
19	577	0.000183
19	636	0.000183
19	799	0.000183
19	862	0.000183
2	854	0.000182
1	425	0.000182
40	723	0.000181
40	844	0.000181
18	440	0.000179
19	832	0.000178
31	432	0.000178
26	536	0.000178
39	831	0.000177
29	161	0.000176
27	715	0.000176
31	825	0.000176
31	568	0.000175
32	797	0.000174
1	713	0.000173
31	653	0.000173
39	471	0.000173
23	725	0.000173
23	847	0.000173
19	818	0.000172
29	423	0.000172
29	879	0.000172
31	314	0.000172
18	127	0.000171
18	259	0.000171
23	405	0.000171
24	623	0.000171
10	618	0.000170
7	420	0.000170
8	702	0.000169
31	685	0.000169
6	800	0.000168
26	970	0.000166
24	604	0.000165
18	355	0.000165
18	575	0.000165
23	64	0.000164
23	889	0.000164
28	454	0.000164
24	830	0.000164
31	667	0.000164
39	555	0.000164
31	590	0.000164
25	819	0.000163
14	252	0.000163
24	405	0.000163
22	440	0.000163
2	495	0.000161
26	527	0.000160
6	997	0.000160
13	91	0.000160
13	164	0.000160
13	169	0.000160
13	851	0.000160
13	933	0.000160
39	342	0.000158
1	417	0.000158
24	372	0.000156
32	476	0.000156
12	634	0.000156
27	411	0.000156
27	895	0.000156
24	561	0.000156
8	594	0.000155
8	848	0.000155
23	150	0.000155
31	907	0.000154
17	737	0.000153
11	622	0.000153
6	681	0.000153
39	973	0.000152
6	167	0.000152
6	814	0.000152
6	988	0.000152
1	434	0.000152
18	294	0.000151
18	543	0.000151
19	566	0.000151
19	897	0.000151
24	81	0.000151
27	737	0.000148
19	449	0.000148
24	778	0.000147
13	664	0.000147
25	868	0.000147
20	852	0.000146
40	977	0.000146
17	831	0.000146
31	27	0.000145
31	63	0.000145
31	96	0.000145
31	103	0.000145
31	126	0.000145
31	172	0.000145
31	194	0.000145
31	203	0.000145
31	222	0.000145
31	260	0.000145
31	292	0.000145
31	349	0.000145
31	397	0.000145
31	415	0.000145
31	598	0.000145
31	670	0.000145
31	680	0.000145
31	741	0.000145
31	860	0.000145
31	948	0.000145
31	989	0.000145
6	30	0.000145
5	671	0.000144
22	434	0.000144
36	926	0.000144
14	754	0.000143
14	845	0.000143
5	417	0.000143
23	447	0.000143
26	765	0.000143
13	723	0.000142
9	978	0.000142
18	635	0.000142
39	82	0.000142
39	280	0.000142
39	802	0.000142
39	889	0.000142
39	985	0.000142
32	904	0.000141
24	409	0.000141
2	858	0.000141
33	509	0.000140
36	618	0.000140
18	857	0.000140
9	799	0.000139
8	886	0.000139
6	665	0.000138
14	978	0.000137
1	747	0.000136
5	553	0.000136
24	351	0.000136
24	779	0.000136
24	939	0.000136
23	547	0.000135
29	613	0.000135
21	703	0.000134
14	843	0.000134
23	113	0.000132
23	153	0.000132
23	205	0.000132
23	369	0.000132
23	497	0.000132
23	817	0.000132
23	884	0.000132
31	961	0.000132
12	530	0.000132
11	453	0.000132
11	650	0.000132
11	826	0.000132
20	603	0.000131
24	581	0.000130
27	533	0.000130
28	333	0.000130
9	813	0.000130
39	927	0.000129
24	974	0.000129
22	599	0.000129
36	881	0.000128
23	557	0.000128
33	855	0.000127
33	961	0.000127
26	333	0.000126
23	675	0.000125
1	837	0.000124
14	813	0.000124
23	594	0.000124
22	863	0.000123
19	976	0.000123
25	424	0.000122
24	635	0.000119
1	707	0.000118
32	910	0.000118
26	924	0.000117
27	605	0.000117
29	747	0.000117
2	630	0.000113
13	608	0.000112
18	442	0.000112
6	174	0.000112
6	522	0.000112
6	572	0.000112
6	785	0.000112
6	884	0.000112
37	976	0.000112
32	460	0.000112
22	707	0.000111
32	930	0.000110
39	104	0.000110
39	895	0.000110
23	462	0.000110
23	645	0.000110
26	396	0.000109
34	681	0.000109
24	585	0.000108
31	805	0.000108
23	717	0.000108
23	886	0.000108
19	597	0.000107
29	983	0.000107
31	727	0.000105
22	547	0.000105
31	814	0.000104
27	595	0.000104
27	602	0.000104
21	150	0.000104
13	654	0.000103
14	661	0.000103
24	116	0.000102
24	302	0.000102
24	567	0.000102
24	688	0.000102
24	849	0.000102
24	912	0.000102
24	934	0.000102
2	592	0.000102
2	916	0.000102
12	439	0.000101
23	118	0.000101
23	340	0.000101
23	483	0.000101
23	958	0.000101
18	414	0.000101
31	644	0.000100
18	511	0.000100
24	649	0.000099
7	832	0.000098
27	792	0.000098
19	89	0.000098
19	426	0.000098
19	629	0.000098
18	591	0.000096
5	177	0.000095
5	761	0.000095
21	734	0.000094
23	442	0.000094
23	867	0.000094
13	490	0.000094
20	926	0.000094
22	431	0.000093
6	916	0.000093
31	439	0.000091
13	955	0.000089
14	971	0.000089
23	763	0.000089
37	457	0.000089
23	973	0.000089
24	751	0.000088
18	664	0.000087
18	832	0.000087
8	544	0.000087
28	769	0.000086
34	796	0.000084
23	459	0.000084
13	776	0.000083
37	400	0.000083
12	729	0.000082
24	511	0.000082
23	256	0.000081
23	705	0.000081
32	370	0.000080
32	621	0.000080
32	655	0.000080
39	79	0.000080
39	218	0.000080
39	554	0.000080
39	756	0.000080
27	160	0.000080
27	168	0.000080
27	504	0.000080
27	667	0.000080
19	910	0.000079
14	236	0.000078
14	282	0.000078
23	859	0.000077
24	841	0.000077
13	417	0.000076
18	163	0.000075
18	667	0.000075
24	553	0.000075
6	670	0.000074
6	687	0.000074
23	608	0.000074
2	414	0.000072
19	791	0.000071
37	881	0.000071
40	668	0.000070
40	700	0.000070
12	584	0.000069
33	628	0.000068
9	440	0.000068
11	672	0.000068
7	400	0.000068
23	853	0.000067
31	754	0.000067
23	844	0.000067
6	892	0.000066
7	681	0.000066
17	981	0.000066
24	913	0.000065
23	971	0.000065
33	865	0.000064
31	949	0.000062
8	74	0.000060
26	624	0.000060
26	821	0.000060
26	886	0.000060
6	793	0.000060
31	48	0.000060
37	962	0.000059
19	988	0.000058
14	913	0.000058
39	603	0.000057
18	709	0.000057
18	801	0.000057
23	348	0.000057
23	504	0.000057
14	112	0.000057
13	364	0.000056
32	786	0.000055
12	744	0.000054
31	59	0.000053
18	425	0.000053
18	744	0.000052
23	552	0.000051
32	459	0.000051
32	675	0.000051
13	402	0.000051
11	963	0.000051
14	1	0.000051
14	949	0.000051
9	434	0.000051
39	463	0.000050
39	818	0.000050
31	967	0.000050
24	692	0.000050
24	149	0.000049
23	5	0.000049
23	695	0.000049
28	997	0.000049
5	286	0.000048
5	767	0.000048
19	647	0.000048
19	634	0.000047
2	667	0.000046
2	776	0.000046
24	608	0.000045
39	661	0.000045
1	844	0.000045
27	345	0.000044
11	863	0.000043
6	794	0.000043
14	467	0.000042
23	799	0.000041
31	618	0.000040
18	228	0.000039
18	258	0.000039
18	448	0.000039
18	632	0.000039
18	698	0.000039
18	732	0.000039
18	944	0.000039
24	35	0.000039
24	37	0.000039
24	222	0.000039
24	807	0.000039
24	902	0.000039
23	709	0.000039
27	104	0.000039
28	668	0.000039
31	873	0.000038
6	168	0.000037
6	336	0.000037
6	348	0.000037
6	504	0.000037
6	601	0.000037
6	689	0.000037
31	119	0.000036
31	899	0.000036
31	952	0.000036
15	400	0.000036
18	868	0.000036
28	622	0.000034
5	418	0.000033
5	843	0.000033
10	611	0.000033
33	823	0.000033
27	800	0.000032
11	715	0.000032
1	891	0.000032
15	425	0.000032
12	878	0.000032
19	453	0.000031
37	797	0.000030
2	709	0.000029
2	905	0.000029
39	975	0.000028
24	403	0.000028
18	859	0.000028
14	491	0.000025
31	127	0.000025
8	458	0.000024
26	644	0.000024
28	789	0.000024
23	910	0.000023
24	476	0.000023
18	648	0.000022
39	182	0.000022
39	380	0.000022
39	777	0.000022
39	996	0.000022
24	460	0.000022
19	113	0.000021
19	307	0.000021
19	441	0.000021
19	649	0.000021
19	841	0.000021
19	911	0.000021
19	957	0.000021
6	492	0.000020
7	793	0.000020
5	74	0.000019
32	420	0.000018
33	646	0.000017
33	859	0.000017
23	649	0.000017
10	476	0.000017
17	820	0.000016
25	831	0.000015
5	561	0.000014
31	545	0.000014
24	169	0.000014
9	542	0.000014
28	826	0.000014
2	975	0.000013
7	983	0.000012
36	445	0.000012
31	69	0.000011
31	249	0.000011
31	283	0.000011
31	956	0.000011
40	921	0.000011
9	740	0.000010
29	333	0.000010
26	650	0.000010
27	450	0.000010
27	682	0.000010
23	499	0.000008
12	927	0.000008
1	857	0.000007
18	407	0.000007
40	661	0.000006
8	599	0.000005
36	611	0.000005
36	753	0.000005
24	60	0.000004
24	947	0.000004
24	967	0.000004
33	679	0.000003
6	228	0.000003
6	698	0.000003
6	944	0.000003
9	906	0.000003
13	451	0.000002
24	2	0.000001
24	972	0.000001
33	727	0.000000
14	938	0.000000
26	620	0.000000
26	674	0.000000
