31	904	1.000000
27	917	0.648218
31	923	0.547922
13	891	0.544885
13	982	0.511079
27	923	0.467756
19	917	0.431188
27	484	0.420332
8	982	0.397940
24	983	0.376411
13	431	0.347179
31	820	0.342081
19	923	0.333875
31	611	0.325439
23	882	0.314792
19	484	0.314216
27	531	0.284621
31	679	0.273593
31	770	0.259273
31	407	0.257072
24	796	0.252723
31	982	0.252262
24	782	0.235877
24	917	0.201051
31	488	0.201026
27	922	0.198437
23	918	0.197855
24	881	0.181290
31	782	0.180213
31	855	0.176708
13	855	0.172601
31	835	0.172331
19	531	0.166028
31	881	0.162873
23	922	0.161090
31	979	0.160336
27	770	0.158272
31	630	0.157648
39	331	0.156928
29	982	0.155106
31	926	0.153040
13	703	0.152484
31	891	0.150743
31	971	0.150007
31	484	0.145174
13	221	0.145121
13	647	0.145077
24	672	0.142770
27	609	0.141750
31	431	0.141608
13	747	0.139105
31	981	0.135353
31	420	0.126490
27	294	0.124279
31	863	0.122937
19	922	0.120186
31	796	0.119122
26	425	0.114525
13	820	0.107412
24	740	0.107394
39	221	0.107055
23	612	0.106698
27	637	0.105682
31	703	0.105274
31	561	0.104374
31	161	0.103820
24	820	0.103500
19	770	0.102323
39	407	0.101731
24	806	0.101655
31	400	0.100846
19	609	0.099231
31	550	0.098649
19	294	0.098280
31	645	0.097845
24	702	0.092378
24	752	0.092163
13	863	0.091201
31	661	0.090729
13	917	0.089854
24	112	0.089776
24	445	0.089322
14	148	0.089018
31	786	0.087703
31	618	0.086484
23	904	0.086464
13	440	0.084558
31	609	0.083461
23	329	0.081376
23	719	0.081307
24	904	0.081061
19	637	0.080037
24	982	0.077960
31	569	0.075674
31	907	0.073862
31	819	0.071632
13	161	0.071117
13	646	0.070243
13	866	0.070048
31	672	0.069942
31	445	0.069486
14	960	0.067649
31	918	0.066908
5	982	0.066899
23	917	0.066797
31	551	0.066748
9	982	0.066514
2	739	0.066175
27	645	0.066146
13	843	0.064713
23	401	0.064009
31	646	0.063302
24	973	0.063124
23	500	0.062086
23	782	0.060839
13	971	0.059954
31	693	0.059852
31	763	0.059660
31	983	0.059158
27	459	0.059065
27	727	0.058636
31	433	0.058591
31	294	0.058424
24	855	0.058293
31	893	0.058134
24	591	0.057005
13	230	0.056868
13	616	0.056097
31	112	0.056000
31	799	0.055927
13	753	0.055920
27	793	0.055706
24	769	0.055591
8	891	0.055430
24	679	0.055247
13	401	0.054919
13	681	0.054826
19	407	0.054695
24	661	0.054566
2	236	0.054225
31	563	0.053959
23	982	0.053907
29	891	0.053742
13	630	0.053713
11	727	0.053684
31	962	0.053506
13	922	0.052654
13	763	0.052566
24	971	0.052361
24	918	0.052340
31	941	0.052273
37	981	0.051856
31	837	0.051600
31	973	0.050635
31	842	0.050567
24	727	0.050155
31	909	0.049994
31	460	0.049940
19	820	0.049924
13	861	0.049734
31	516	0.049675
27	798	0.049640
31	30	0.049508
31	702	0.049466
31	440	0.049046
21	981	0.048969
23	407	0.048674
31	868	0.048473
24	401	0.048461
23	530	0.048302
27	820	0.048065
39	689	0.047948
24	981	0.047905
24	530	0.047898
13	550	0.046994
31	177	0.046810
24	923	0.046355
39	980	0.046238
31	713	0.046174
27	39	0.046129
2	673	0.045719
5	855	0.045475
6	973	0.045223
23	108	0.044816
19	727	0.044761
31	930	0.043949
24	979	0.043624
31	978	0.043324
23	868	0.043143
31	591	0.043113
25	490	0.043106
24	430	0.043049
13	793	0.042517
23	402	0.042482
29	434	0.042022
31	888	0.041958
13	923	0.041884
23	112	0.041453
13	683	0.041301
24	484	0.041265
31	815	0.040403
24	500	0.040335
24	742	0.040222
27	599	0.040137
39	264	0.040132
31	637	0.040094
2	538	0.040093
31	727	0.040087
27	34	0.039869
24	803	0.039652
24	563	0.039599
31	652	0.039500
27	550	0.039472
25	650	0.039393
24	835	0.039194
29	863	0.039136
31	568	0.038879
39	571	0.038852
31	634	0.038773
24	407	0.038739
14	404	0.038472
31	706	0.038333
31	734	0.038100
19	39	0.038018
19	459	0.037943
31	542	0.037913
24	177	0.037462
27	401	0.037346
14	982	0.037117
2	340	0.036563
31	628	0.036259
31	740	0.036230
39	917	0.036176
31	747	0.036138
31	643	0.036126
31	684	0.035770
24	926	0.035620
13	679	0.035505
23	909	0.035395
31	409	0.035124
24	488	0.034642
31	882	0.034564
18	981	0.034512
8	431	0.034459
14	921	0.034129
31	606	0.033933
13	904	0.033816
27	891	0.033773
39	981	0.033036
25	756	0.033008
27	530	0.032720
31	753	0.032693
13	612	0.032575
31	508	0.032547
24	502	0.032467
31	461	0.032371
23	661	0.032346
14	526	0.032177
29	647	0.031964
24	612	0.031829
13	407	0.031796
39	855	0.031695
27	679	0.031654
23	891	0.031373
31	970	0.031345
31	976	0.031274
23	148	0.031197
13	796	0.031146
13	905	0.031077
39	467	0.030823
31	866	0.030584
24	681	0.030552
23	806	0.030471
31	471	0.030338
19	798	0.030333
13	417	0.030291
13	421	0.030280
39	982	0.030137
23	531	0.030102
23	403	0.030073
27	601	0.030031
14	604	0.030025
27	508	0.029809
31	624	0.029780
31	924	0.029725
13	591	0.029689
14	904	0.029591
14	591	0.029565
24	579	0.029349
13	214	0.029158
24	461	0.029147
13	477	0.029113
32	684	0.029096
13	434	0.029041
2	981	0.029038
31	839	0.028946
18	487	0.028865
23	566	0.028748
19	983	0.028622
23	748	0.028619
13	919	0.028422
19	645	0.028344
13	831	0.028070
13	476	0.027983
14	739	0.027812
27	750	0.027732
13	882	0.027696
27	983	0.027682
13	420	0.027627
31	329	0.027567
27	863	0.027535
13	611	0.027504
24	734	0.027503
19	34	0.027485
27	973	0.027484
24	550	0.027461
19	750	0.027432
31	502	0.027373
31	823	0.027191
13	568	0.026959
14	855	0.026948
24	882	0.026905
31	827	0.026837
24	713	0.026761
31	775	0.026747
13	389	0.026591
5	863	0.026559
19	530	0.026447
24	723	0.026440
27	612	0.026404
31	616	0.026326
31	794	0.026314
13	797	0.026172
8	703	0.026138
8	753	0.026129
1	855	0.026097
31	752	0.026089
27	962	0.025963
31	963	0.025936
14	694	0.025877
23	737	0.025782
14	570	0.025776
13	599	0.025776
31	417	0.025741
31	421	0.025731
27	788	0.025718
14	409	0.025473
31	459	0.025326
31	683	0.025310
13	692	0.025275
24	739	0.025188
26	681	0.025175
5	221	0.025163
31	762	0.025142
31	927	0.025036
39	820	0.025006
31	509	0.024978
23	681	0.024962
31	632	0.024872
8	561	0.024866
23	161	0.024817
24	828	0.024775
26	941	0.024743
19	599	0.024514
19	508	0.024485
32	835	0.024385
31	487	0.024370
31	719	0.024333
24	650	0.024301
23	620	0.024046
19	550	0.024040
32	568	0.024033
13	918	0.023971
31	928	0.023966
23	600	0.023965
13	981	0.023960
31	39	0.023922
25	815	0.023769
19	793	0.023725
9	530	0.023642
5	161	0.023592
31	449	0.023579
14	473	0.023407
17	542	0.023329
31	865	0.023278
39	904	0.023228
31	750	0.023223
26	49	0.023189
26	740	0.023166
14	981	0.023143
24	424	0.023140
2	791	0.023094
27	835	0.023013
31	650	0.022941
24	631	0.022930
12	681	0.022843
23	869	0.022821
24	652	0.022804
13	973	0.022734
27	740	0.022728
24	402	0.022653
31	586	0.022568
24	400	0.022547
13	530	0.022501
25	492	0.022474
19	672	0.022455
14	628	0.022449
23	618	0.022411
24	206	0.022362
24	805	0.022330
31	148	0.022308
27	663	0.022251
13	734	0.022135
31	537	0.022095
24	986	0.021978
6	757	0.021947
31	830	0.021888
24	748	0.021888
19	401	0.021834
9	490	0.021814
39	804	0.021756
24	783	0.021669
24	819	0.021616
31	404	0.021516
23	550	0.021478
31	715	0.021450
27	644	0.021293
31	857	0.021260
26	771	0.021232
19	612	0.021202
13	980	0.021070
31	862	0.020882
31	783	0.020877
24	759	0.020866
14	815	0.020772
31	614	0.020756
21	161	0.020747
23	591	0.020746
24	963	0.020709
39	983	0.020602
31	601	0.020507
13	909	0.020504
27	703	0.020492
11	538	0.020407
39	979	0.020384
31	570	0.020234
31	732	0.020179
9	753	0.020163
31	822	0.020143
23	233	0.020115
31	579	0.020094
24	433	0.020047
39	570	0.019972
29	820	0.019931
2	31	0.019900
24	907	0.019892
19	601	0.019873
31	653	0.019827
14	856	0.019824
39	806	0.019791
31	831	0.019690
24	905	0.019641
31	980	0.019641
32	940	0.019613
25	979	0.019581
13	661	0.019446
28	449	0.019416
27	982	0.019358
14	380	0.019353
31	451	0.019351
19	403	0.019341
24	551	0.019252
2	385	0.019229
24	893	0.019229
24	611	0.019211
31	613	0.019184
14	818	0.019147
13	148	0.019125
13	403	0.019075
2	959	0.018864
24	273	0.018824
23	983	0.018811
13	786	0.018800
37	793	0.018777
31	552	0.018746
31	769	0.018688
13	770	0.018640
13	830	0.018603
27	618	0.018592
23	481	0.018530
31	846	0.018499
27	758	0.018498
13	723	0.018482
13	547	0.018453
24	643	0.018447
27	827	0.018429
39	499	0.018286
39	978	0.018275
39	557	0.018275
8	161	0.018245
24	647	0.018221
31	977	0.018183
31	149	0.018160
5	820	0.018144
31	663	0.018112
29	431	0.018074
31	906	0.017990
27	425	0.017956
40	975	0.017932
31	476	0.017865
24	906	0.017819
29	753	0.017759
19	971	0.017755
24	517	0.017697
24	440	0.017651
2	855	0.017646
31	999	0.017602
13	457	0.017597
19	815	0.017574
19	827	0.017567
21	538	0.017535
31	644	0.017513
2	978	0.017499
14	610	0.017472
27	392	0.017383
27	275	0.017325
27	431	0.017303
23	739	0.017275
27	466	0.017262
24	645	0.017230
13	500	0.017205
13	977	0.017175
31	619	0.017095
24	30	0.017017
24	880	0.016973
27	837	0.016967
19	962	0.016945
23	740	0.016933
21	978	0.016916
31	804	0.016914
24	625	0.016914
25	148	0.016887
23	461	0.016836
21	854	0.016764
27	882	0.016758
14	834	0.016716
19	796	0.016683
24	161	0.016665
39	786	0.016577
23	803	0.016571
39	918	0.016436
13	644	0.016433
13	698	0.016309
17	740	0.016305
13	727	0.016303
14	698	0.016302
23	770	0.016260
27	748	0.016228
19	561	0.016192
23	440	0.016186
23	759	0.016179
40	341	0.016119
13	803	0.016104
25	518	0.016080
31	737	0.016075
11	793	0.016055
24	426	0.016030
13	672	0.016001
26	907	0.015967
32	917	0.015950
24	660	0.015939
13	436	0.015833
31	439	0.015782
19	644	0.015722
19	782	0.015720
26	569	0.015690
21	914	0.015683
27	976	0.015667
8	555	0.015639
39	706	0.015606
24	298	0.015595
23	518	0.015584
31	506	0.015563
31	574	0.015562
27	643	0.015539
19	863	0.015507
9	698	0.015504
27	282	0.015486
13	460	0.015462
31	801	0.015391
39	152	0.015389
39	160	0.015389
8	440	0.015389
40	857	0.015381
31	530	0.015380
24	606	0.015360
9	737	0.015332
23	946	0.015302
27	815	0.015276
11	509	0.015194
21	148	0.015099
25	622	0.015094
26	969	0.015081
31	723	0.015074
19	392	0.015057
24	609	0.015053
31	526	0.015004
27	811	0.014987
31	861	0.014969
27	314	0.014968
39	550	0.014967
24	683	0.014906
13	590	0.014885
2	13	0.014863
23	387	0.014841
24	930	0.014812
27	971	0.014784
27	513	0.014763
31	490	0.014762
27	131	0.014701
39	837	0.014680
31	936	0.014635
39	963	0.014590
26	763	0.014585
18	490	0.014530
26	462	0.014501
31	230	0.014486
31	771	0.014445
19	788	0.014400
23	635	0.014382
20	355	0.014380
21	976	0.014372
36	930	0.014285
29	974	0.014270
24	795	0.014268
39	604	0.014230
31	590	0.014230
31	660	0.014226
19	878	0.014225
31	221	0.014183
31	699	0.014147
24	451	0.014144
31	603	0.014128
31	682	0.014100
19	628	0.014082
27	557	0.014009
25	861	0.013997
39	964	0.013946
23	971	0.013911
31	681	0.013906
24	941	0.013892
21	561	0.013872
31	541	0.013863
31	914	0.013853
14	284	0.013822
32	545	0.013762
24	259	0.013739
19	918	0.013682
27	476	0.013651
31	422	0.013617
11	881	0.013598
2	964	0.013497
24	599	0.013471
19	976	0.013470
21	973	0.013460
31	929	0.013459
31	499	0.013448
31	798	0.013448
24	866	0.013442
40	872	0.013425
24	842	0.013424
31	809	0.013418
27	611	0.013417
39	472	0.013409
24	990	0.013354
27	30	0.013339
14	848	0.013297
5	703	0.013292
29	703	0.013207
13	997	0.013179
24	546	0.013174
13	555	0.013173
23	411	0.013166
2	946	0.013165
2	782	0.013161
25	751	0.013156
14	531	0.013148
6	782	0.013100
28	584	0.013080
14	865	0.013072
24	597	0.013032
39	518	0.013024
13	804	0.012992
19	868	0.012928
23	585	0.012824
17	543	0.012820
2	159	0.012814
40	978	0.012798
23	509	0.012793
27	723	0.012773
33	221	0.012742
32	962	0.012720
27	823	0.012612
33	747	0.012608
23	786	0.012595
27	771	0.012541
23	488	0.012457
5	440	0.012437
40	647	0.012423
31	600	0.012399
23	116	0.012396
23	912	0.012396
8	646	0.012387
13	650	0.012371
13	976	0.012367
19	431	0.012367
19	855	0.012359
31	905	0.012332
32	783	0.012329
28	962	0.012320
13	979	0.012262
24	845	0.012231
31	805	0.012214
31	482	0.012198
19	314	0.012189
13	962	0.012134
24	862	0.012097
28	547	0.012034
19	663	0.012019
31	896	0.011986
28	170	0.011964
23	609	0.011956
14	618	0.011950
27	918	0.011944
31	341	0.011939
19	837	0.011923
5	647	0.011909
24	420	0.011898
24	898	0.011880
5	838	0.011879
24	793	0.011864
31	635	0.011747
24	535	0.011744
19	979	0.011739
23	973	0.011715
24	825	0.011707
19	574	0.011701
13	574	0.011679
32	740	0.011668
31	531	0.011663
31	298	0.011660
23	888	0.011645
23	645	0.011635
7	737	0.011631
13	461	0.011612
19	553	0.011610
26	578	0.011591
23	538	0.011523
36	997	0.011505
23	923	0.011482
31	691	0.011461
24	221	0.011456
31	666	0.011452
27	208	0.011439
39	679	0.011355
14	740	0.011314
26	551	0.011286
13	970	0.011281
19	891	0.011280
31	474	0.011269
24	770	0.011252
23	468	0.011247
19	275	0.011242
23	441	0.011212
27	859	0.011203
27	108	0.011185
21	979	0.011180
24	342	0.011174
19	2	0.011169
31	834	0.011153
13	645	0.011142
27	414	0.011113
14	725	0.011108
39	613	0.011099
13	355	0.011097
24	418	0.011073
18	913	0.011061
5	891	0.011038
22	333	0.010997
19	409	0.010992
31	872	0.010940
25	745	0.010922
25	764	0.010922
27	909	0.010921
28	740	0.010896
19	513	0.010893
31	517	0.010878
23	30	0.010851
13	800	0.010847
12	290	0.010834
31	748	0.010831
13	108	0.010806
26	971	0.010780
19	551	0.010736
14	919	0.010727
13	978	0.010716
24	665	0.010702
27	538	0.010651
31	418	0.010646
31	895	0.010646
23	546	0.010640
27	857	0.010611
14	868	0.010603
14	820	0.010595
13	739	0.010562
18	155	0.010559
25	570	0.010524
31	676	0.010522
31	797	0.010514
23	607	0.010514
24	707	0.010506
39	254	0.010490
13	215	0.010479
14	510	0.010478
19	282	0.010471
31	604	0.010469
13	845	0.010457
25	597	0.010433
23	501	0.010430
2	982	0.010426
23	631	0.010394
21	725	0.010382
39	835	0.010361
8	647	0.010340
31	813	0.010330
27	763	0.010299
14	671	0.010295
1	296	0.010290
32	820	0.010284
39	878	0.010258
13	265	0.010257
23	551	0.010249
5	866	0.010227
40	409	0.010212
32	837	0.010206
24	449	0.010180
21	867	0.010155
18	530	0.010147
24	578	0.010105
39	922	0.010104
36	105	0.010102
31	556	0.010100
23	297	0.010097
19	131	0.010065
19	758	0.010065
31	491	0.010052
39	923	0.010044
26	407	0.010038
5	215	0.010035
13	481	0.009988
8	863	0.009985
14	756	0.009980
19	286	0.009974
31	34	0.009956
24	689	0.009956
5	434	0.009944
5	230	0.009940
32	941	0.009937
24	160	0.009916
26	110	0.009862
14	499	0.009849
27	980	0.009838
27	828	0.009830
18	841	0.009799
31	803	0.009793
23	679	0.009791
23	346	0.009767
32	982	0.009758
20	955	0.009757
26	653	0.009750
24	765	0.009748
14	558	0.009743
23	476	0.009722
31	503	0.009722
23	707	0.009684
27	796	0.009681
13	501	0.009677
23	163	0.009672
24	786	0.009668
27	547	0.009643
5	574	0.009642
27	919	0.009625
2	228	0.009605
27	879	0.009558
31	405	0.009506
19	404	0.009478
24	561	0.009473
23	390	0.009450
31	108	0.009432
39	759	0.009425
31	754	0.009423
31	943	0.009410
2	224	0.009344
24	831	0.009338
39	530	0.009338
27	635	0.009327
23	581	0.009319
24	732	0.009294
31	725	0.009284
23	986	0.009224
39	389	0.009216
13	634	0.009171
19	208	0.009171
31	1	0.009162
13	910	0.009145
22	452	0.009131
24	271	0.009130
23	919	0.009123
28	557	0.009117
23	742	0.009112
31	269	0.009101
6	723	0.009097
19	811	0.009090
2	449	0.009082
28	504	0.009082
31	597	0.009072
31	648	0.009072
37	538	0.009072
24	509	0.009066
31	615	0.009056
26	782	0.009046
40	699	0.009035
23	540	0.009034
27	979	0.009004
9	821	0.008987
24	386	0.008979
24	632	0.008970
13	484	0.008966
32	922	0.008962
27	569	0.008934
15	973	0.008931
31	236	0.008904
24	491	0.008902
39	209	0.008878
13	826	0.008868
23	425	0.008867
27	440	0.008860
16	972	0.008860
23	905	0.008856
24	891	0.008853
23	926	0.008842
21	409	0.008842
2	540	0.008834
31	961	0.008823
24	764	0.008817
27	647	0.008816
6	407	0.008811
31	406	0.008803
24	406	0.008794
23	798	0.008787
4	195	0.008779
24	108	0.008687
31	742	0.008679
31	492	0.008678
24	699	0.008655
24	513	0.008653
34	568	0.008650
18	449	0.008649
31	640	0.008644
14	979	0.008640
13	531	0.008636
27	873	0.008631
11	385	0.008628
11	855	0.008625
39	611	0.008622
13	926	0.008614
20	903	0.008612
31	548	0.008611
13	805	0.008596
22	982	0.008594
24	380	0.008578
21	236	0.008577
12	225	0.008546
23	490	0.008546
27	878	0.008530
27	478	0.008489
13	719	0.008476
37	747	0.008449
13	257	0.008443
21	149	0.008442
14	975	0.008433
23	592	0.008425
24	811	0.008405
2	729	0.008373
19	440	0.008363
24	648	0.008359
36	614	0.008327
31	296	0.008319
19	771	0.008310
20	150	0.008301
33	227	0.008297
32	682	0.008276
31	765	0.008260
21	702	0.008259
31	768	0.008255
23	187	0.008254
13	170	0.008253
25	675	0.008241
26	775	0.008237
24	607	0.008232
1	801	0.008155
25	664	0.008148
29	276	0.008137
2	924	0.008119
23	351	0.008104
24	458	0.008082
5	983	0.008065
31	512	0.008036
18	528	0.007992
6	530	0.007992
23	520	0.007986
31	562	0.007977
19	711	0.007968
25	574	0.007964
29	876	0.007959
11	803	0.007940
5	747	0.007927
22	421	0.007908
25	982	0.007892
28	727	0.007881
13	751	0.007876
11	464	0.007816
37	568	0.007791
8	831	0.007778
31	984	0.007777
11	862	0.007768
6	756	0.007760
19	859	0.007748
31	524	0.007740
19	557	0.007739
24	439	0.007726
19	589	0.007725
19	509	0.007722
12	896	0.007714
27	147	0.007712
24	667	0.007681
14	679	0.007680
40	971	0.007679
37	346	0.007674
31	478	0.007643
31	848	0.007642
22	584	0.007642
17	748	0.007641
9	561	0.007635
31	334	0.007608
24	676	0.007605
39	112	0.007604
19	30	0.007598
39	460	0.007596
23	653	0.007594
32	754	0.007569
14	643	0.007569
21	647	0.007567
14	748	0.007562
24	474	0.007561
24	527	0.007561
32	973	0.007537
6	194	0.007536
24	848	0.007530
23	763	0.007528
31	986	0.007510
19	668	0.007509
25	740	0.007492
24	720	0.007486
26	888	0.007486
27	653	0.007479
14	907	0.007474
16	249	0.007469
24	684	0.007463
31	463	0.007452
27	561	0.007444
23	295	0.007439
33	599	0.007433
27	861	0.007433
31	362	0.007427
31	522	0.007423
32	667	0.007421
23	650	0.007411
23	561	0.007389
23	373	0.007380
2	546	0.007380
31	858	0.007373
24	622	0.007363
14	887	0.007362
24	821	0.007353
24	387	0.007343
11	710	0.007343
23	149	0.007342
27	701	0.007333
31	513	0.007330
31	647	0.007328
6	568	0.007323
32	693	0.007320
27	400	0.007300
31	828	0.007292
39	425	0.007284
23	901	0.007280
27	523	0.007277
15	16	0.007275
11	997	0.007273
28	698	0.007267
13	869	0.007248
6	981	0.007240
20	432	0.007226
12	191	0.007224
23	2	0.007207
26	400	0.007202
31	746	0.007202
31	458	0.007189
13	930	0.007174
24	823	0.007164
14	629	0.007163
19	763	0.007154
27	804	0.007149
24	846	0.007132
31	873	0.007120
24	620	0.007098
2	740	0.007085
27	589	0.007079
24	936	0.007077
13	451	0.007077
25	583	0.007069
2	175	0.007069
2	293	0.007069
2	367	0.007069
40	683	0.007061
13	544	0.007059
6	740	0.007058
8	276	0.007046
31	555	0.007041
13	606	0.007039
40	396	0.007015
24	675	0.006999
19	547	0.006983
24	997	0.006979
14	676	0.006969
11	105	0.006961
11	711	0.006961
24	664	0.006960
21	130	0.006949
27	628	0.006935
23	863	0.006934
23	907	0.006914
32	112	0.006909
14	835	0.006906
37	102	0.006901
8	177	0.006883
24	943	0.006872
29	389	0.006868
26	798	0.006852
27	2	0.006835
13	546	0.006832
24	431	0.006830
19	828	0.006823
31	958	0.006812
24	815	0.006802
31	759	0.006791
18	597	0.006785
6	545	0.006781
19	822	0.006781
12	791	0.006777
6	584	0.006776
13	652	0.006751
14	512	0.006749
19	478	0.006748
24	485	0.006745
23	837	0.006742
13	329	0.006738
27	608	0.006728
26	167	0.006726
19	879	0.006722
24	562	0.006720
31	386	0.006713
13	463	0.006711
26	900	0.006710
1	729	0.006701
29	724	0.006685
26	827	0.006681
33	389	0.006652
34	540	0.006622
19	973	0.006619
31	610	0.006617
11	568	0.006614
13	82	0.006614
24	602	0.006605
31	843	0.006604
13	893	0.006603
11	829	0.006600
40	68	0.006595
12	698	0.006582
24	127	0.006576
37	136	0.006554
27	37	0.006549
19	293	0.006545
27	694	0.006539
25	635	0.006537
19	476	0.006536
6	846	0.006529
19	823	0.006510
18	431	0.006508
2	922	0.006507
31	717	0.006504
39	645	0.006492
24	719	0.006489
40	440	0.006488
17	607	0.006486
34	319	0.006477
23	235	0.006470
23	855	0.006458
34	720	0.006450
31	545	0.006443
7	188	0.006443
27	471	0.006437
37	437	0.006436
13	794	0.006429
31	351	0.006426
14	863	0.006420
2	349	0.006420
2	598	0.006420
13	686	0.006417
23	48	0.006417
31	687	0.006407
26	661	0.006404
39	283	0.006404
30	204	0.006401
27	672	0.006400
31	475	0.006388
12	904	0.006380
32	979	0.006364
27	832	0.006363
13	975	0.006358
31	667	0.006350
13	453	0.006338
13	965	0.006338
24	910	0.006326
24	635	0.006319
27	797	0.006313
14	498	0.006310
21	526	0.006309
23	698	0.006304
14	469	0.006293
31	436	0.006292
31	485	0.006290
2	401	0.006286
28	982	0.006283
22	214	0.006283
10	229	0.006281
40	815	0.006280
25	913	0.006277
24	767	0.006270
13	693	0.006265
2	346	0.006263
24	466	0.006260
40	149	0.006255
19	657	0.006247
26	967	0.006247
27	159	0.006241
39	887	0.006240
31	297	0.006234
35	982	0.006230
31	617	0.006221
13	298	0.006211
13	936	0.006211
23	432	0.006206
27	563	0.006195
14	149	0.006192
13	941	0.006191
23	586	0.006190
6	681	0.006183
31	494	0.006171
20	982	0.006159
31	467	0.006158
6	660	0.006145
2	226	0.006140
39	469	0.006140
27	646	0.006133
19	694	0.006123
26	820	0.006117
8	971	0.006099
31	566	0.006093
13	735	0.006092
28	224	0.006087
37	223	0.006069
25	414	0.006065
10	811	0.006063
14	400	0.006059
31	636	0.006054
23	377	0.006050
11	905	0.006043
31	65	0.006043
31	714	0.006042
31	247	0.006041
31	265	0.006041
15	865	0.006039
2	976	0.006035
31	913	0.006029
24	766	0.006006
24	959	0.006006
19	832	0.006006
26	855	0.005997
14	909	0.005983
32	983	0.005976
27	127	0.005974
2	971	0.005974
27	199	0.005971
27	293	0.005971
13	748	0.005966
9	527	0.005964
23	870	0.005963
14	476	0.005955
21	445	0.005955
29	440	0.005936
36	831	0.005930
33	820	0.005925
13	583	0.005919
24	913	0.005910
24	822	0.005907
39	174	0.005903
13	706	0.005901
39	734	0.005901
19	812	0.005886
5	366	0.005879
27	457	0.005866
24	802	0.005862
24	872	0.005858
19	734	0.005855
14	650	0.005852
6	590	0.005847
31	346	0.005835
31	838	0.005827
13	561	0.005823
39	747	0.005818
2	380	0.005816
24	552	0.005815
31	627	0.005814
32	965	0.005812
39	886	0.005810
23	753	0.005795
15	260	0.005794
23	449	0.005794
39	409	0.005778
19	616	0.005768
19	147	0.005766
39	973	0.005765
23	793	0.005759
12	193	0.005756
12	270	0.005756
24	698	0.005752
26	531	0.005748
22	425	0.005744
31	810	0.005744
24	743	0.005741
13	924	0.005739
23	535	0.005739
24	421	0.005739
39	661	0.005726
31	528	0.005718
24	964	0.005717
19	471	0.005714
26	906	0.005704
13	575	0.005703
2	681	0.005702
13	765	0.005698
24	316	0.005696
40	511	0.005694
23	450	0.005689
37	270	0.005684
36	880	0.005682
18	682	0.005681
6	259	0.005673
39	496	0.005672
24	569	0.005668
31	671	0.005665
11	756	0.005659
13	927	0.005657
27	920	0.005655
26	922	0.005651
25	437	0.005649
4	221	0.005646
39	531	0.005645
39	230	0.005637
19	794	0.005631
32	999	0.005630
31	414	0.005621
18	400	0.005618
26	981	0.005618
29	417	0.005602
32	796	0.005588
22	805	0.005572
39	618	0.005570
13	815	0.005560
10	87	0.005556
2	792	0.005555
24	935	0.005551
24	590	0.005547
28	805	0.005540
13	152	0.005540
7	478	0.005539
23	516	0.005533
33	83	0.005522
2	703	0.005518
13	974	0.005518
23	460	0.005517
31	469	0.005507
31	450	0.005501
19	701	0.005497
13	799	0.005481
14	792	0.005480
19	501	0.005478
23	583	0.005477
28	544	0.005476
22	866	0.005473
27	332	0.005465
23	89	0.005462
39	767	0.005458
37	569	0.005432
31	832	0.005425
21	343	0.005420
27	700	0.005416
39	347	0.005408
13	832	0.005397
31	704	0.005396
32	963	0.005396
19	127	0.005391
32	679	0.005387
28	906	0.005386
13	822	0.005380
23	393	0.005378
27	362	0.005368
27	286	0.005366
36	568	0.005366
19	838	0.005365
19	433	0.005365
31	582	0.005364
23	569	0.005339
21	855	0.005324
14	401	0.005320
31	990	0.005316
23	434	0.005316
31	121	0.005312
31	267	0.005312
31	940	0.005312
20	434	0.005310
24	123	0.005307
23	325	0.005307
19	882	0.005305
24	704	0.005302
19	981	0.005290
25	778	0.005286
39	546	0.005284
18	917	0.005281
18	702	0.005274
24	570	0.005268
10	740	0.005262
18	280	0.005258
7	535	0.005254
33	269	0.005241
34	290	0.005233
34	293	0.005233
24	370	0.005232
2	710	0.005223
26	672	0.005223
23	765	0.005220
5	724	0.005214
35	481	0.005208
19	537	0.005208
31	673	0.005206
27	926	0.005205
23	771	0.005196
11	492	0.005193
27	786	0.005193
12	8	0.005192
39	346	0.005181
8	806	0.005179
22	297	0.005174
15	754	0.005171
15	249	0.005153
13	908	0.005149
39	422	0.005145
39	865	0.005142
24	373	0.005141
24	131	0.005138
24	189	0.005138
24	571	0.005138
24	697	0.005138
24	772	0.005138
29	451	0.005136
31	994	0.005134
23	370	0.005133
23	621	0.005133
31	883	0.005125
7	200	0.005124
37	31	0.005120
31	264	0.005118
19	102	0.005114
24	467	0.005112
23	611	0.005104
39	568	0.005093
13	597	0.005088
15	706	0.005085
19	422	0.005080
18	782	0.005075
13	445	0.005071
24	753	0.005070
24	1	0.005069
8	984	0.005064
39	248	0.005053
19	490	0.005052
34	454	0.005050
13	750	0.005045
25	548	0.005040
18	340	0.005034
2	384	0.005032
18	293	0.005032
31	733	0.005026
2	461	0.005024
23	484	0.005010
30	434	0.005009
39	830	0.005003
13	715	0.004997
31	373	0.004995
19	161	0.004985
13	913	0.004984
26	656	0.004975
13	789	0.004974
1	272	0.004974
28	104	0.004966
23	123	0.004964
23	605	0.004963
5	796	0.004962
2	795	0.004962
18	611	0.004955
13	783	0.004936
31	685	0.004932
21	913	0.004928
24	692	0.004927
23	11	0.004925
23	158	0.004925
26	863	0.004924
9	576	0.004916
22	262	0.004909
5	971	0.004903
31	880	0.004895
31	965	0.004894
23	762	0.004893
34	904	0.004891
13	264	0.004889
20	523	0.004888
27	542	0.004886
26	778	0.004882
24	877	0.004874
24	280	0.004869
27	509	0.004865
23	990	0.004858
14	438	0.004846
24	573	0.004842
31	430	0.004838
39	450	0.004835
24	624	0.004824
29	776	0.004819
13	542	0.004818
14	891	0.004813
13	276	0.004812
19	748	0.004808
39	883	0.004795
32	167	0.004786
13	713	0.004778
34	116	0.004778
14	599	0.004777
27	803	0.004776
24	584	0.004769
31	546	0.004767
35	886	0.004763
40	445	0.004750
24	50	0.004750
24	852	0.004742
15	979	0.004739
21	980	0.004732
39	247	0.004731
12	521	0.004729
2	383	0.004722
18	745	0.004722
13	854	0.004716
14	763	0.004715
14	759	0.004709
24	824	0.004707
31	80	0.004698
24	725	0.004698
24	814	0.004698
32	618	0.004695
15	705	0.004694
34	893	0.004693
39	905	0.004690
2	266	0.004684
28	731	0.004682
31	947	0.004679
7	540	0.004668
25	759	0.004653
1	906	0.004653
32	944	0.004652
23	296	0.004646
1	24	0.004641
13	548	0.004641
26	530	0.004637
19	461	0.004637
1	982	0.004636
14	346	0.004630
23	177	0.004629
24	453	0.004623
23	150	0.004620
37	997	0.004608
2	891	0.004604
14	408	0.004597
24	490	0.004595
19	500	0.004592
39	713	0.004582
29	646	0.004572
6	538	0.004570
6	501	0.004564
24	686	0.004562
32	766	0.004557
19	914	0.004556
5	608	0.004550
31	146	0.004540
23	630	0.004536
26	731	0.004536
13	607	0.004531
28	968	0.004530
27	449	0.004525
31	558	0.004516
31	525	0.004513
15	352	0.004505
14	707	0.004504
11	472	0.004502
2	828	0.004500
5	269	0.004496
13	499	0.004490
39	702	0.004489
5	401	0.004488
13	592	0.004485
2	81	0.004485
24	854	0.004483
24	924	0.004481
19	813	0.004481
32	997	0.004474
20	843	0.004470
28	798	0.004470
18	179	0.004470
23	471	0.004469
7	846	0.004469
23	389	0.004464
24	557	0.004461
12	689	0.004459
23	933	0.004459
27	492	0.004457
6	563	0.004452
13	446	0.004448
27	970	0.004448
13	252	0.004445
31	812	0.004442
24	1000	0.004441
21	106	0.004439
21	245	0.004439
23	454	0.004438
29	242	0.004430
14	297	0.004423
36	863	0.004419
13	423	0.004417
39	891	0.004416
19	643	0.004413
11	871	0.004413
26	104	0.004410
40	277	0.004410
2	521	0.004410
21	646	0.004409
8	866	0.004407
30	389	0.004400
24	296	0.004395
19	723	0.004388
11	8	0.004388
11	325	0.004388
19	703	0.004387
9	436	0.004382
27	481	0.004382
13	131	0.004378
13	189	0.004378
24	95	0.004374
37	262	0.004370
27	404	0.004362
27	689	0.004362
27	808	0.004361
31	756	0.004358
8	820	0.004348
37	385	0.004342
6	527	0.004341
13	604	0.004340
13	717	0.004339
13	824	0.004330
19	608	0.004330
13	535	0.004319
8	82	0.004312
19	340	0.004308
27	862	0.004305
10	490	0.004300
9	161	0.004297
28	898	0.004295
37	411	0.004293
24	340	0.004291
31	975	0.004290
23	880	0.004288
13	408	0.004286
13	380	0.004286
32	782	0.004286
24	413	0.004284
29	748	0.004274
39	727	0.004269
9	806	0.004268
23	964	0.004260
19	866	0.004260
29	146	0.004258
15	817	0.004257
20	490	0.004243
13	386	0.004241
11	907	0.004239
19	121	0.004234
2	356	0.004228
19	881	0.004227
39	466	0.004226
26	917	0.004225
31	314	0.004224
18	740	0.004222
23	832	0.004222
31	916	0.004220
27	813	0.004220
13	502	0.004217
4	177	0.004204
23	856	0.004203
26	979	0.004201
26	930	0.004201
40	973	0.004200
10	116	0.004196
6	586	0.004194
23	790	0.004188
24	285	0.004187
13	167	0.004186
13	495	0.004186
31	967	0.004183
8	855	0.004177
24	389	0.004174
14	634	0.004164
32	433	0.004158
24	534	0.004155
36	33	0.004152
36	246	0.004152
24	792	0.004150
17	483	0.004150
12	750	0.004139
25	431	0.004135
34	711	0.004131
27	751	0.004130
13	400	0.004127
26	40	0.004122
26	998	0.004122
9	457	0.004122
13	694	0.004117
13	879	0.004116
23	683	0.004109
23	746	0.004104
27	799	0.004102
24	859	0.004100
23	924	0.004099
24	170	0.004096
33	86	0.004094
37	53	0.004094
26	926	0.004093
1	161	0.004090
13	351	0.004087
1	154	0.004084
1	660	0.004084
23	431	0.004083
24	921	0.004078
32	51	0.004077
14	407	0.004077
4	694	0.004076
23	615	0.004075
27	794	0.004070
12	685	0.004069
24	892	0.004068
13	892	0.004062
6	177	0.004056
39	267	0.004051
31	82	0.004043
31	280	0.004043
5	379	0.004040
20	529	0.004039
31	669	0.004036
31	668	0.004035
33	594	0.004034
32	915	0.004033
24	790	0.004033
33	65	0.004032
5	789	0.004023
24	580	0.004020
24	984	0.004020
13	269	0.004015
32	806	0.004013
9	646	0.004007
24	503	0.004003
36	349	0.004002
14	881	0.004002
27	904	0.004001
26	568	0.004000
19	808	0.003993
4	574	0.003992
13	340	0.003988
24	382	0.003984
26	523	0.003982
39	699	0.003982
13	868	0.003979
11	306	0.003971
2	107	0.003960
2	130	0.003960
25	699	0.003956
33	514	0.003952
10	643	0.003952
14	976	0.003951
21	808	0.003946
14	417	0.003940
24	39	0.003935
24	425	0.003934
33	714	0.003933
29	679	0.003931
20	382	0.003921
39	831	0.003914
19	635	0.003910
33	161	0.003909
7	96	0.003905
24	897	0.003903
24	247	0.003901
25	461	0.003901
24	634	0.003900
13	72	0.003898
31	174	0.003890
13	600	0.003890
24	235	0.003888
23	993	0.003886
24	506	0.003882
17	113	0.003875
27	535	0.003873
39	819	0.003870
13	469	0.003864
39	684	0.003861
31	919	0.003861
2	103	0.003860
2	381	0.003860
37	295	0.003858
31	275	0.003853
27	568	0.003846
21	971	0.003842
26	345	0.003835
20	333	0.003833
25	707	0.003832
31	870	0.003832
39	440	0.003832
24	516	0.003830
31	380	0.003827
31	252	0.003827
23	652	0.003826
22	740	0.003821
6	677	0.003820
39	919	0.003815
20	237	0.003812
2	737	0.003808
35	434	0.003807
2	60	0.003797
27	422	0.003785
31	434	0.003780
23	507	0.003773
11	30	0.003772
7	798	0.003764
34	976	0.003763
25	795	0.003760
29	192	0.003756
1	907	0.003745
26	506	0.003745
24	385	0.003744
32	672	0.003743
24	746	0.003739
11	796	0.003737
2	595	0.003735
31	510	0.003731
19	737	0.003730
39	600	0.003728
24	942	0.003724
15	747	0.003724
29	855	0.003720
12	154	0.003714
12	660	0.003714
13	406	0.003713
20	387	0.003709
32	919	0.003704
27	692	0.003702
34	148	0.003701
18	778	0.003701
28	935	0.003701
14	882	0.003699
4	747	0.003699
22	4	0.003692
22	217	0.003692
24	122	0.003685
21	406	0.003684
23	878	0.003683
15	413	0.003682
21	672	0.003682
33	192	0.003679
18	696	0.003673
14	611	0.003668
32	466	0.003667
30	540	0.003664
33	841	0.003655
24	682	0.003652
11	95	0.003641
24	501	0.003637
39	213	0.003636
39	572	0.003636
13	603	0.003635
23	170	0.003630
13	961	0.003627
34	698	0.003627
1	806	0.003626
31	878	0.003625
23	493	0.003619
27	685	0.003616
27	119	0.003616
14	555	0.003615
24	799	0.003613
24	66	0.003611
14	922	0.003606
12	224	0.003605
31	402	0.003602
2	22	0.003602
2	253	0.003602
2	483	0.003602
14	687	0.003592
24	724	0.003589
23	642	0.003584
32	971	0.003584
37	660	0.003582
23	517	0.003580
23	472	0.003580
21	829	0.003579
24	565	0.003577
1	369	0.003575
19	558	0.003572
5	922	0.003567
25	828	0.003562
14	561	0.003562
31	596	0.003560
24	574	0.003555
10	352	0.003552
19	495	0.003550
23	358	0.003548
6	401	0.003547
37	340	0.003546
24	225	0.003546
24	486	0.003546
27	445	0.003541
30	891	0.003534
39	861	0.003534
9	170	0.003530
15	368	0.003528
31	825	0.003516
36	274	0.003512
1	527	0.003510
14	556	0.003505
39	672	0.003502
31	535	0.003502
40	400	0.003501
27	668	0.003498
19	329	0.003498
40	148	0.003497
24	229	0.003495
31	104	0.003493
25	855	0.003485
23	647	0.003482
31	127	0.003470
23	724	0.003467
33	580	0.003463
19	786	0.003460
31	150	0.003455
37	910	0.003449
6	13	0.003447
24	756	0.003447
39	664	0.003445
23	474	0.003444
32	767	0.003444
23	221	0.003442
24	331	0.003437
24	999	0.003437
39	424	0.003436
32	573	0.003435
1	276	0.003426
27	650	0.003425
40	786	0.003419
11	439	0.003415
27	424	0.003414
26	918	0.003413
1	436	0.003412
26	267	0.003410
18	790	0.003403
5	238	0.003403
12	667	0.003399
23	3	0.003397
13	877	0.003394
31	583	0.003389
11	740	0.003388
27	500	0.003386
23	646	0.003384
8	776	0.003382
2	473	0.003380
36	608	0.003379
31	836	0.003378
26	923	0.003372
24	798	0.003372
32	1	0.003367
31	945	0.003355
23	547	0.003354
39	735	0.003354
14	352	0.003353
39	538	0.003352
13	439	0.003351
23	579	0.003341
28	771	0.003339
13	876	0.003338
17	703	0.003330
31	602	0.003329
31	792	0.003326
13	714	0.003325
31	921	0.003321
27	616	0.003320
19	405	0.003320
2	362	0.003319
23	822	0.003315
7	710	0.003314
24	464	0.003313
23	672	0.003311
32	904	0.003306
2	232	0.003304
2	244	0.003304
2	326	0.003304
13	811	0.003303
4	30	0.003302
25	754	0.003299
23	597	0.003297
10	492	0.003294
28	793	0.003294
21	872	0.003292
1	249	0.003290
27	877	0.003290
1	927	0.003288
13	576	0.003284
31	432	0.003280
39	770	0.003275
9	989	0.003271
26	27	0.003265
24	836	0.003260
14	974	0.003260
24	230	0.003259
6	544	0.003258
24	167	0.003257
24	224	0.003257
24	495	0.003257
19	702	0.003253
26	611	0.003244
13	664	0.003240
2	724	0.003231
12	598	0.003229
23	927	0.003228
13	6	0.003228
5	646	0.003227
23	939	0.003222
15	731	0.003219
13	608	0.003212
21	175	0.003211
6	805	0.003199
40	330	0.003199
40	626	0.003199
11	820	0.003194
23	331	0.003189
2	179	0.003186
2	587	0.003186
39	420	0.003182
22	355	0.003180
31	903	0.003179
15	887	0.003179
24	428	0.003172
23	575	0.003166
1	195	0.003165
1	240	0.003165
25	590	0.003164
29	782	0.003160
6	819	0.003159
23	350	0.003155
18	333	0.003155
23	732	0.003144
19	402	0.003144
23	523	0.003139
13	871	0.003139
23	886	0.003137
24	19	0.003131
11	982	0.003128
31	66	0.003127
29	971	0.003127
29	740	0.003126
30	974	0.003122
13	216	0.003118
2	613	0.003118
2	177	0.003117
13	552	0.003110
15	652	0.003109
24	371	0.003105
22	211	0.003103
27	461	0.003102
4	161	0.003097
13	425	0.003097
39	161	0.003097
24	613	0.003095
2	379	0.003092
11	771	0.003090
24	236	0.003086
39	170	0.003086
33	937	0.003084
25	921	0.003082
19	806	0.003082
31	656	0.003077
19	929	0.003077
5	763	0.003072
8	616	0.003067
21	133	0.003048
21	212	0.003048
32	809	0.003046
39	459	0.003045
39	535	0.003045
33	855	0.003045
31	468	0.003042
39	307	0.003038
13	551	0.003035
21	351	0.003032
23	906	0.003024
23	167	0.003021
13	517	0.003015
32	483	0.003015
32	856	0.003015
21	975	0.003010
8	66	0.003006
27	977	0.003004
23	628	0.003004
23	934	0.003004
14	612	0.003002
31	845	0.002996
39	208	0.002996
2	763	0.002994
9	609	0.002993
26	668	0.002991
26	702	0.002991
31	959	0.002989
6	820	0.002988
5	819	0.002987
19	647	0.002979
24	687	0.002976
23	247	0.002975
12	532	0.002969
27	842	0.002964
23	797	0.002962
15	861	0.002961
7	234	0.002961
1	862	0.002960
27	652	0.002955
23	720	0.002949
2	918	0.002947
23	492	0.002946
5	944	0.002946
36	818	0.002945
31	886	0.002944
24	163	0.002939
34	688	0.002933
39	271	0.002931
24	414	0.002931
13	527	0.002930
26	671	0.002930
15	701	0.002926
27	502	0.002923
27	642	0.002920
13	402	0.002919
14	734	0.002916
19	414	0.002913
19	603	0.002913
18	105	0.002908
11	533	0.002905
24	181	0.002899
24	589	0.002899
24	827	0.002899
37	475	0.002899
23	542	0.002898
24	432	0.002897
23	947	0.002895
7	826	0.002895
31	789	0.002894
2	659	0.002893
39	458	0.002892
8	434	0.002888
23	657	0.002888
28	293	0.002885
7	785	0.002884
9	660	0.002883
8	215	0.002881
31	472	0.002879
31	514	0.002879
20	253	0.002877
11	965	0.002873
31	179	0.002871
31	587	0.002871
29	796	0.002869
19	585	0.002866
6	813	0.002855
13	536	0.002845
31	729	0.002844
39	971	0.002842
27	465	0.002840
19	385	0.002840
19	430	0.002836
13	798	0.002836
26	476	0.002829
27	487	0.002829
2	242	0.002827
13	883	0.002822
18	176	0.002821
18	270	0.002821
31	761	0.002817
19	685	0.002816
32	926	0.002812
31	152	0.002809
31	216	0.002809
31	59	0.002806
31	817	0.002806
32	347	0.002805
23	360	0.002804
5	371	0.002804
27	855	0.002802
11	450	0.002800
13	732	0.002799
23	985	0.002796
31	707	0.002787
39	68	0.002786
39	289	0.002786
39	755	0.002786
22	907	0.002785
36	385	0.002777
39	22	0.002776
31	424	0.002776
31	167	0.002774
31	607	0.002769
18	622	0.002768
19	936	0.002767
21	801	0.002764
27	656	0.002762
23	453	0.002761
31	622	0.002761
25	96	0.002761
29	866	0.002759
24	294	0.002755
22	741	0.002751
11	175	0.002751
11	293	0.002751
24	541	0.002746
24	560	0.002746
23	634	0.002746
31	712	0.002745
39	563	0.002740
7	210	0.002740
37	436	0.002740
8	112	0.002735
11	880	0.002733
6	628	0.002731
24	257	0.002731
5	904	0.002730
19	909	0.002729
19	977	0.002728
13	880	0.002727
23	445	0.002725
28	227	0.002723
28	255	0.002723
31	209	0.002721
31	233	0.002721
29	394	0.002719
24	518	0.002717
27	707	0.002712
32	703	0.002709
24	903	0.002709
17	399	0.002709
15	935	0.002708
24	492	0.002707
6	913	0.002703
5	661	0.002697
31	453	0.002694
32	732	0.002683
27	819	0.002683
27	526	0.002682
23	508	0.002680
26	786	0.002680
2	523	0.002678
19	451	0.002675
13	256	0.002672
32	6	0.002667
24	568	0.002667
27	734	0.002664
23	534	0.002657
24	481	0.002651
29	561	0.002650
32	431	0.002649
12	256	0.002645
12	364	0.002645
24	297	0.002644
33	861	0.002643
32	552	0.002643
25	500	0.002639
17	478	0.002638
19	156	0.002637
19	332	0.002637
10	669	0.002637
19	790	0.002634
25	363	0.002626
15	252	0.002623
28	609	0.002623
16	586	0.002621
7	799	0.002621
27	881	0.002619
6	155	0.002618
14	914	0.002618
24	480	0.002617
24	788	0.002617
27	577	0.002617
23	154	0.002611
16	796	0.002609
20	379	0.002607
39	476	0.002607
29	112	0.002606
12	862	0.002606
13	862	0.002605
31	949	0.002602
10	523	0.002602
20	806	0.002598
39	970	0.002597
23	74	0.002594
23	185	0.002594
23	398	0.002594
11	227	0.002589
9	877	0.002588
27	907	0.002585
32	202	0.002578
32	749	0.002578
37	248	0.002575
37	364	0.002575
11	627	0.002571
2	24	0.002568
2	87	0.002568
23	52	0.002568
23	968	0.002568
24	462	0.002563
31	170	0.002562
31	816	0.002562
40	646	0.002560
20	870	0.002559
19	491	0.002556
26	665	0.002556
31	241	0.002553
31	564	0.002553
28	425	0.002551
24	886	0.002549
33	454	0.002546
13	557	0.002543
23	345	0.002542
23	766	0.002542
19	642	0.002542
29	18	0.002539
2	748	0.002539
12	547	0.002538
31	350	0.002533
24	476	0.002533
36	942	0.002524
9	110	0.002521
9	178	0.002521
31	521	0.002519
19	646	0.002516
27	607	0.002513
14	653	0.002512
23	890	0.002511
7	590	0.002510
23	146	0.002505
23	124	0.002505
23	176	0.002505
39	177	0.002505
40	797	0.002505
39	249	0.002503
19	684	0.002499
13	888	0.002494
27	906	0.002494
31	481	0.002486
24	532	0.002485
32	513	0.002484
13	490	0.002478
19	893	0.002476
24	685	0.002474
5	700	0.002473
8	214	0.002473
24	437	0.002472
8	681	0.002472
23	951	0.002469
23	992	0.002469
27	866	0.002467
33	353	0.002464
22	955	0.002464
8	400	0.002464
2	698	0.002464
12	197	0.002461
23	218	0.002460
13	526	0.002460
19	683	0.002457
37	666	0.002456
25	910	0.002451
31	426	0.002450
31	692	0.002448
6	795	0.002447
27	426	0.002446
26	962	0.002446
19	505	0.002441
12	476	0.002438
8	981	0.002437
27	753	0.002436
34	821	0.002433
40	316	0.002431
24	693	0.002428
26	832	0.002425
13	906	0.002424
27	613	0.002423
23	368	0.002423
23	772	0.002423
14	983	0.002423
24	417	0.002420
21	164	0.002420
31	806	0.002417
36	284	0.002416
39	975	0.002415
1	153	0.002414
19	487	0.002412
23	559	0.002411
23	565	0.002411
7	414	0.002410
39	739	0.002408
9	874	0.002407
13	192	0.002405
13	198	0.002405
31	251	0.002403
31	995	0.002403
32	440	0.002402
13	654	0.002397
8	679	0.002394
31	331	0.002392
37	711	0.002391
31	818	0.002391
19	751	0.002390
25	427	0.002388
33	522	0.002387
14	181	0.002387
31	166	0.002386
33	922	0.002386
6	815	0.002385
24	358	0.002385
12	165	0.002376
31	538	0.002373
31	477	0.002371
15	414	0.002371
2	1000	0.002368
16	569	0.002364
39	265	0.002362
24	34	0.002362
5	531	0.002361
23	543	0.002357
40	909	0.002357
13	522	0.002350
13	925	0.002350
39	502	0.002349
6	923	0.002348
11	917	0.002346
34	935	0.002345
19	466	0.002343
21	868	0.002343
14	857	0.002342
16	713	0.002341
31	347	0.002340
6	459	0.002339
33	976	0.002334
27	782	0.002334
25	536	0.002331
31	572	0.002330
5	490	0.002329
13	227	0.002329
13	255	0.002329
13	261	0.002329
12	509	0.002329
39	461	0.002328
24	617	0.002323
24	524	0.002320
21	256	0.002320
23	691	0.002318
26	297	0.002317
29	596	0.002312
19	435	0.002311
31	539	0.002310
26	238	0.002309
26	306	0.002309
37	51	0.002307
37	266	0.002307
37	507	0.002307
15	596	0.002302
2	53	0.002300
2	287	0.002300
2	288	0.002300
13	821	0.002300
19	420	0.002300
23	414	0.002297
40	355	0.002297
23	400	0.002296
24	837	0.002294
37	974	0.002293
22	647	0.002292
27	423	0.002291
27	501	0.002290
39	553	0.002289
32	727	0.002285
6	917	0.002285
2	907	0.002284
22	118	0.002280
22	253	0.002280
11	660	0.002276
18	232	0.002275
21	418	0.002274
39	178	0.002273
39	630	0.002273
7	179	0.002270
7	525	0.002270
18	980	0.002269
17	745	0.002269
40	780	0.002267
8	782	0.002264
31	670	0.002262
30	877	0.002262
40	913	0.002261
31	99	0.002259
13	411	0.002256
23	675	0.002256
32	10	0.002255
6	154	0.002255
24	269	0.002252
17	858	0.002251
6	594	0.002249
7	904	0.002249
19	873	0.002247
39	396	0.002246
22	161	0.002245
32	660	0.002238
23	528	0.002236
23	957	0.002236
34	296	0.002234
14	786	0.002233
23	872	0.002232
11	531	0.002232
24	808	0.002231
27	460	0.002229
37	234	0.002228
37	267	0.002228
36	530	0.002225
39	587	0.002222
26	328	0.002221
8	881	0.002218
27	470	0.002216
15	655	0.002215
27	817	0.002215
24	384	0.002214
6	658	0.002213
18	792	0.002212
31	780	0.002211
19	980	0.002210
24	329	0.002209
27	467	0.002209
34	209	0.002207
28	357	0.002206
24	409	0.002204
31	758	0.002203
8	556	0.002202
27	578	0.002201
27	664	0.002201
9	171	0.002201
9	705	0.002201
39	794	0.002201
27	821	0.002200
18	147	0.002199
36	424	0.002198
19	982	0.002196
5	18	0.002194
39	628	0.002193
23	844	0.002191
32	519	0.002191
11	21	0.002187
6	1	0.002185
23	457	0.002185
39	537	0.002184
37	904	0.002183
6	761	0.002182
25	705	0.002182
8	15	0.002182
8	394	0.002182
27	603	0.002181
23	485	0.002181
6	789	0.002179
14	822	0.002177
15	583	0.002173
1	723	0.002173
36	910	0.002173
27	790	0.002170
27	805	0.002170
13	837	0.002168
14	191	0.002168
19	165	0.002167
2	867	0.002167
13	570	0.002165
13	104	0.002165
24	833	0.002165
13	314	0.002163
25	848	0.002162
33	43	0.002159
23	590	0.002158
30	870	0.002149
13	890	0.002148
27	84	0.002146
13	30	0.002145
1	181	0.002142
1	658	0.002142
5	837	0.002141
13	769	0.002140
24	470	0.002140
21	76	0.002138
21	225	0.002138
9	647	0.002136
23	423	0.002136
15	555	0.002133
31	802	0.002129
26	179	0.002128
37	913	0.002125
28	597	0.002124
27	818	0.002123
23	862	0.002122
24	916	0.002122
12	420	0.002121
32	906	0.002120
40	168	0.002119
40	348	0.002119
16	700	0.002119
6	342	0.002116
18	407	0.002114
22	618	0.002112
27	451	0.002112
24	157	0.002112
9	204	0.002107
9	677	0.002107
2	350	0.002103
1	30	0.002102
29	922	0.002101
28	952	0.002100
36	796	0.002098
24	601	0.002098
17	846	0.002097
24	559	0.002095
23	783	0.002094
14	230	0.002093
36	331	0.002087
23	539	0.002084
30	481	0.002082
26	972	0.002082
39	423	0.002081
1	64	0.002081
31	777	0.002080
31	996	0.002080
12	582	0.002079
39	471	0.002078
23	834	0.002075
2	943	0.002072
19	704	0.002071
9	423	0.002068
10	743	0.002065
39	416	0.002063
30	888	0.002063
6	280	0.002059
6	985	0.002059
32	842	0.002057
19	840	0.002054
27	590	0.002054
8	976	0.002053
31	500	0.002052
23	809	0.002050
40	147	0.002050
40	558	0.002047
36	65	0.002045
28	424	0.002044
39	269	0.002044
26	685	0.002042
2	947	0.002041
29	401	0.002040
5	70	0.002036
33	570	0.002033
27	456	0.002032
24	671	0.002032
10	682	0.002031
33	567	0.002027
11	782	0.002027
27	999	0.002027
27	961	0.002025
9	479	0.002019
39	569	0.002019
19	715	0.002019
13	858	0.002017
11	362	0.002015
29	555	0.002010
32	764	0.002010
14	550	0.002008
24	179	0.002007
24	637	0.002007
8	18	0.002005
6	509	0.002005
13	897	0.002005
36	966	0.002004
21	666	0.002003
34	832	0.002002
39	935	0.001999
2	342	0.001999
6	551	0.001998
2	439	0.001991
6	754	0.001990
32	287	0.001990
33	423	0.001988
24	883	0.001982
11	667	0.001982
2	345	0.001981
13	602	0.001980
28	527	0.001979
23	417	0.001978
13	282	0.001978
13	771	0.001978
13	949	0.001978
22	679	0.001978
23	794	0.001975
21	780	0.001975
31	716	0.001971
31	844	0.001970
19	809	0.001969
22	485	0.001967
36	66	0.001965
36	548	0.001965
36	757	0.001965
20	466	0.001965
9	606	0.001962
11	724	0.001960
18	425	0.001959
6	461	0.001958
11	681	0.001957
23	435	0.001954
7	122	0.001952
5	477	0.001951
30	436	0.001951
33	583	0.001951
12	658	0.001950
39	124	0.001950
22	763	0.001949
6	961	0.001948
6	30	0.001946
23	470	0.001938
9	577	0.001936
39	542	0.001934
9	439	0.001932
14	800	0.001928
17	286	0.001928
30	878	0.001928
23	825	0.001927
23	6	0.001927
22	616	0.001926
39	707	0.001924
5	417	0.001923
6	674	0.001923
40	658	0.001921
16	30	0.001916
19	452	0.001914
19	860	0.001914
23	399	0.001913
17	674	0.001913
10	970	0.001912
12	333	0.001909
31	595	0.001905
32	976	0.001905
24	472	0.001903
24	446	0.001902
32	454	0.001902
27	812	0.001900
16	861	0.001899
14	622	0.001898
40	691	0.001893
19	995	0.001893
31	435	0.001891
21	516	0.001889
27	33	0.001888
13	573	0.001886
27	886	0.001886
32	891	0.001886
23	174	0.001885
19	399	0.001884
24	843	0.001880
23	838	0.001879
6	249	0.001875
6	251	0.001875
6	849	0.001875
6	934	0.001875
2	864	0.001875
26	689	0.001873
39	274	0.001870
31	202	0.001868
5	446	0.001867
4	835	0.001865
24	771	0.001864
24	949	0.001864
31	689	0.001860
1	413	0.001859
40	333	0.001857
26	148	0.001857
29	763	0.001855
18	64	0.001855
18	902	0.001855
36	174	0.001852
27	491	0.001850
8	661	0.001848
8	255	0.001847
7	586	0.001847
10	482	0.001844
10	890	0.001844
32	967	0.001839
6	925	0.001839
25	452	0.001839
25	741	0.001839
24	497	0.001837
32	748	0.001835
8	913	0.001834
7	887	0.001834
23	955	0.001834
15	720	0.001827
23	715	0.001827
23	811	0.001827
31	218	0.001825
6	941	0.001823
19	819	0.001822
31	355	0.001822
9	400	0.001821
28	105	0.001821
28	225	0.001821
23	911	0.001820
30	747	0.001820
40	734	0.001819
6	743	0.001818
36	687	0.001817
19	706	0.001816
34	435	0.001816
34	513	0.001816
18	613	0.001815
10	464	0.001815
10	994	0.001815
18	536	0.001812
22	842	0.001812
24	775	0.001810
24	471	0.001810
29	616	0.001805
24	630	0.001803
7	988	0.001796
13	508	0.001795
22	223	0.001789
10	773	0.001786
23	259	0.001785
32	909	0.001785
14	587	0.001782
19	801	0.001781
16	815	0.001781
24	733	0.001780
13	613	0.001779
2	590	0.001777
7	982	0.001776
12	159	0.001776
12	712	0.001776
12	777	0.001776
24	994	0.001774
27	458	0.001768
13	185	0.001765
13	262	0.001765
5	681	0.001765
19	653	0.001763
13	844	0.001763
19	803	0.001760
5	400	0.001759
20	79	0.001757
34	852	0.001756
33	973	0.001752
39	252	0.001751
18	756	0.001750
19	544	0.001750
36	944	0.001748
13	818	0.001746
20	831	0.001746
32	753	0.001741
18	744	0.001741
18	837	0.001740
13	842	0.001737
34	690	0.001737
31	814	0.001735
15	434	0.001735
36	727	0.001732
16	628	0.001731
23	801	0.001729
26	904	0.001727
26	509	0.001726
31	739	0.001725
7	605	0.001724
7	687	0.001724
6	436	0.001723
18	520	0.001720
32	445	0.001719
32	597	0.001718
19	888	0.001715
10	997	0.001715
39	436	0.001713
18	440	0.001712
1	485	0.001712
19	830	0.001707
19	689	0.001706
6	645	0.001704
13	296	0.001704
13	521	0.001704
6	793	0.001701
16	919	0.001700
2	199	0.001700
2	290	0.001700
27	623	0.001698
32	881	0.001693
25	572	0.001693
31	708	0.001692
24	74	0.001692
39	211	0.001692
39	256	0.001692
39	364	0.001692
39	705	0.001692
2	723	0.001692
11	352	0.001691
11	505	0.001691
24	714	0.001686
13	806	0.001685
9	981	0.001684
23	219	0.001682
14	596	0.001681
31	332	0.001681
19	817	0.001680
10	296	0.001677
6	823	0.001675
20	81	0.001675
20	389	0.001675
17	470	0.001675
17	898	0.001675
39	492	0.001673
24	348	0.001672
24	456	0.001672
23	459	0.001670
12	284	0.001670
18	603	0.001669
22	376	0.001669
23	495	0.001666
27	511	0.001666
39	431	0.001666
11	930	0.001665
24	330	0.001664
24	391	0.001664
24	493	0.001664
24	537	0.001664
9	614	0.001661
28	121	0.001660
28	267	0.001660
28	741	0.001660
6	997	0.001657
26	835	0.001657
7	632	0.001656
7	947	0.001656
6	50	0.001654
6	475	0.001654
6	529	0.001654
37	347	0.001654
24	515	0.001654
13	728	0.001653
23	944	0.001648
13	346	0.001647
28	538	0.001647
12	679	0.001642
1	805	0.001642
23	385	0.001638
23	754	0.001638
28	892	0.001638
31	573	0.001638
24	985	0.001638
26	999	0.001637
21	589	0.001633
31	105	0.001629
31	197	0.001629
31	225	0.001629
23	979	0.001629
2	786	0.001629
26	591	0.001628
24	512	0.001628
24	621	0.001628
24	839	0.001628
34	745	0.001626
24	346	0.001626
31	700	0.001626
19	804	0.001625
32	442	0.001623
7	766	0.001623
7	917	0.001620
39	612	0.001619
24	938	0.001615
11	594	0.001613
14	772	0.001610
11	51	0.001609
25	618	0.001605
24	695	0.001604
27	843	0.001604
17	545	0.001603
6	193	0.001603
19	386	0.001602
19	421	0.001602
19	799	0.001602
19	845	0.001602
7	439	0.001602
11	979	0.001593
33	311	0.001592
23	328	0.001588
19	526	0.001588
23	100	0.001588
23	237	0.001588
19	843	0.001588
28	817	0.001586
39	259	0.001586
12	740	0.001585
24	121	0.001580
24	680	0.001580
24	741	0.001580
24	780	0.001580
24	940	0.001580
5	740	0.001579
8	80	0.001575
31	268	0.001574
31	271	0.001574
21	271	0.001573
29	384	0.001573
20	282	0.001572
12	379	0.001571
25	808	0.001570
32	222	0.001569
32	864	0.001569
31	892	0.001561
18	49	0.001560
18	415	0.001560
15	468	0.001560
14	808	0.001558
26	693	0.001558
31	620	0.001556
23	845	0.001555
23	930	0.001552
37	587	0.001552
2	400	0.001552
33	763	0.001550
2	79	0.001548
26	647	0.001547
24	101	0.001546
24	120	0.001546
24	344	0.001546
24	641	0.001546
2	9	0.001545
2	369	0.001545
26	439	0.001544
31	764	0.001542
8	446	0.001540
8	541	0.001540
26	714	0.001538
2	713	0.001537
23	510	0.001536
19	543	0.001535
14	11	0.001533
16	568	0.001532
37	450	0.001532
11	334	0.001531
11	452	0.001531
24	508	0.001531
5	874	0.001530
12	630	0.001528
39	774	0.001527
24	504	0.001526
23	940	0.001524
8	531	0.001524
20	938	0.001523
32	789	0.001522
19	949	0.001521
22	530	0.001515
18	635	0.001512
27	806	0.001511
21	909	0.001507
26	295	0.001503
26	498	0.001503
26	991	0.001503
32	743	0.001503
13	943	0.001501
36	464	0.001501
33	204	0.001501
19	563	0.001500
37	828	0.001500
20	477	0.001500
24	354	0.001497
1	393	0.001496
40	131	0.001495
28	423	0.001494
24	208	0.001494
23	606	0.001493
31	518	0.001493
22	586	0.001492
37	796	0.001492
19	221	0.001490
19	916	0.001490
11	972	0.001490
27	584	0.001490
24	403	0.001487
29	819	0.001485
24	460	0.001482
13	516	0.001481
6	476	0.001474
6	859	0.001471
31	853	0.001470
7	432	0.001468
10	913	0.001467
39	916	0.001466
29	618	0.001465
27	580	0.001463
18	645	0.001458
9	902	0.001458
8	195	0.001456
23	613	0.001456
24	463	0.001455
31	376	0.001455
22	743	0.001455
6	427	0.001453
20	446	0.001453
6	229	0.001451
28	210	0.001449
37	782	0.001447
14	535	0.001447
23	395	0.001447
26	538	0.001446
27	984	0.001441
6	927	0.001439
24	15	0.001437
24	361	0.001437
24	736	0.001437
24	875	0.001437
24	989	0.001437
39	417	0.001434
30	451	0.001434
26	584	0.001432
5	828	0.001429
26	285	0.001427
6	893	0.001426
31	540	0.001425
13	838	0.001425
27	631	0.001421
6	597	0.001420
39	244	0.001420
31	869	0.001419
19	745	0.001418
1	731	0.001418
24	477	0.001415
40	406	0.001411
7	489	0.001410
7	994	0.001410
2	727	0.001410
1	924	0.001410
14	530	0.001409
2	366	0.001406
18	170	0.001405
2	292	0.001404
23	433	0.001403
6	791	0.001397
34	683	0.001397
40	813	0.001396
15	974	0.001394
5	457	0.001393
27	80	0.001390
27	226	0.001390
27	283	0.001390
27	995	0.001390
5	466	0.001389
2	576	0.001389
32	506	0.001389
11	213	0.001388
37	148	0.001388
5	469	0.001385
19	209	0.001383
7	825	0.001382
34	102	0.001382
18	587	0.001376
19	818	0.001376
39	338	0.001373
39	352	0.001373
27	826	0.001372
13	759	0.001371
7	713	0.001371
31	767	0.001367
36	521	0.001366
13	514	0.001366
40	740	0.001365
23	929	0.001355
27	150	0.001354
19	762	0.001354
23	843	0.001354
40	404	0.001352
13	928	0.001352
10	30	0.001352
31	423	0.001351
18	793	0.001351
14	752	0.001350
6	390	0.001350
6	929	0.001350
40	819	0.001347
9	443	0.001346
13	554	0.001345
6	862	0.001345
27	893	0.001341
27	148	0.001341
34	761	0.001337
23	557	0.001336
33	266	0.001334
13	785	0.001334
5	257	0.001331
39	715	0.001330
27	203	0.001328
7	524	0.001328
25	182	0.001328
25	613	0.001326
40	782	0.001325
33	553	0.001325
6	625	0.001324
28	827	0.001323
9	661	0.001322
8	737	0.001318
31	172	0.001317
32	936	0.001316
2	233	0.001316
36	573	0.001315
2	440	0.001314
13	776	0.001314
24	147	0.001313
14	91	0.001312
14	987	0.001312
14	991	0.001312
6	414	0.001311
26	864	0.001310
39	882	0.001310
13	609	0.001309
13	853	0.001309
1	174	0.001308
1	847	0.001308
23	596	0.001304
24	200	0.001303
18	310	0.001303
23	67	0.001302
23	94	0.001302
19	521	0.001301
28	6	0.001301
31	163	0.001300
31	876	0.001300
19	699	0.001299
18	840	0.001298
27	824	0.001294
1	904	0.001293
19	910	0.001293
18	172	0.001292
5	618	0.001290
8	769	0.001289
23	666	0.001284
37	146	0.001284
6	379	0.001283
32	342	0.001282
19	634	0.001282
39	866	0.001281
31	427	0.001281
28	491	0.001280
21	679	0.001279
2	995	0.001276
7	521	0.001276
12	155	0.001271
12	966	0.001271
6	274	0.001270
10	435	0.001270
22	821	0.001269
13	115	0.001268
13	158	0.001268
15	501	0.001267
39	548	0.001266
27	118	0.001265
6	672	0.001265
6	624	0.001265
28	271	0.001264
23	82	0.001262
23	950	0.001262
31	852	0.001262
29	848	0.001262
18	982	0.001261
2	679	0.001261
19	569	0.001261
33	267	0.001258
11	358	0.001257
40	112	0.001257
13	489	0.001257
13	620	0.001257
23	236	0.001256
24	151	0.001255
27	949	0.001254
22	439	0.001254
11	580	0.001253
23	568	0.001253
27	421	0.001252
27	468	0.001252
31	3	0.001252
7	508	0.001250
31	381	0.001250
31	412	0.001250
31	850	0.001250
12	907	0.001250
25	891	0.001250
37	393	0.001244
40	3	0.001242
14	831	0.001242
6	578	0.001241
23	835	0.001239
19	474	0.001233
39	266	0.001230
39	577	0.001230
31	48	0.001230
13	622	0.001229
32	929	0.001228
25	413	0.001224
24	925	0.001224
23	779	0.001223
23	830	0.001222
16	599	0.001221
19	81	0.001220
5	913	0.001219
25	608	0.001216
23	99	0.001214
21	189	0.001213
21	438	0.001213
22	489	0.001212
13	859	0.001211
1	876	0.001206
19	351	0.001206
27	660	0.001206
19	941	0.001205
37	39	0.001205
40	731	0.001204
10	759	0.001198
27	834	0.001196
31	946	0.001196
19	707	0.001193
23	914	0.001192
29	230	0.001187
19	464	0.001186
6	608	0.001185
2	923	0.001184
28	979	0.001180
27	90	0.001179
27	178	0.001179
27	992	0.001179
19	355	0.001178
32	432	0.001178
26	442	0.001175
10	660	0.001175
25	531	0.001174
1	766	0.001174
21	834	0.001173
24	48	0.001169
31	728	0.001168
37	285	0.001167
7	679	0.001167
39	603	0.001164
25	487	0.001164
14	964	0.001162
39	893	0.001161
31	589	0.001161
9	333	0.001160
26	454	0.001160
2	88	0.001159
2	240	0.001159
2	273	0.001159
2	529	0.001159
24	423	0.001158
40	628	0.001157
6	634	0.001156
28	129	0.001154
18	975	0.001153
7	314	0.001153
23	984	0.001153
23	689	0.001153
19	230	0.001152
36	60	0.001151
14	961	0.001150
14	630	0.001149
29	673	0.001148
6	907	0.001147
11	906	0.001147
39	703	0.001144
23	824	0.001143
26	550	0.001143
26	166	0.001141
26	175	0.001141
33	426	0.001140
29	767	0.001139
16	723	0.001136
27	129	0.001136
5	858	0.001134
24	596	0.001133
39	654	0.001129
25	669	0.001128
27	546	0.001127
16	148	0.001124
39	783	0.001122
24	253	0.001121
24	483	0.001121
19	871	0.001121
19	454	0.001121
10	167	0.001121
9	531	0.001119
26	585	0.001117
12	656	0.001117
23	895	0.001116
19	84	0.001115
19	143	0.001115
19	289	0.001115
28	417	0.001114
39	541	0.001112
39	560	0.001112
26	692	0.001110
39	748	0.001107
7	533	0.001107
32	43	0.001106
32	365	0.001106
22	389	0.001105
13	150	0.001103
31	43	0.001103
31	365	0.001103
27	852	0.001103
6	464	0.001102
9	131	0.001100
34	654	0.001098
23	829	0.001097
39	860	0.001097
26	800	0.001095
14	422	0.001095
39	725	0.001094
39	561	0.001092
12	687	0.001090
32	892	0.001089
31	335	0.001088
26	679	0.001087
26	905	0.001086
18	91	0.001085
18	315	0.001085
18	953	0.001085
18	993	0.001085
13	112	0.001085
7	446	0.001084
7	560	0.001084
11	898	0.001083
11	974	0.001083
6	8	0.001083
6	31	0.001083
6	109	0.001083
6	232	0.001083
13	624	0.001082
13	937	0.001082
18	806	0.001081
32	994	0.001080
22	296	0.001079
14	351	0.001078
24	105	0.001078
24	197	0.001078
24	479	0.001078
28	747	0.001077
29	861	0.001077
18	794	0.001076
12	793	0.001074
14	819	0.001074
19	623	0.001073
5	881	0.001071
6	517	0.001070
10	221	0.001069
10	858	0.001069
19	72	0.001067
19	315	0.001067
31	705	0.001067
31	585	0.001066
14	661	0.001063
26	713	0.001061
20	538	0.001058
12	504	0.001057
19	119	0.001055
24	395	0.001054
28	466	0.001054
27	737	0.001053
28	733	0.001052
2	445	0.001050
39	826	0.001050
26	861	0.001049
10	832	0.001049
37	161	0.001047
27	674	0.001044
27	767	0.001044
40	924	0.001043
21	354	0.001043
27	228	0.001042
12	739	0.001042
39	192	0.001036
39	359	0.001036
15	622	0.001035
6	355	0.001033
13	874	0.001032
20	400	0.001031
22	236	0.001029
11	718	0.001029
32	386	0.001028
11	878	0.001027
39	698	0.001027
37	670	0.001025
14	578	0.001024
12	258	0.001024
12	743	0.001024
23	640	0.001020
7	829	0.001019
39	844	0.001019
21	963	0.001019
15	826	0.001016
2	530	0.001015
18	748	0.001011
29	835	0.001010
24	350	0.001009
27	888	0.001008
13	621	0.001007
12	800	0.001006
37	656	0.001005
26	766	0.001005
11	543	0.001004
26	794	0.001003
28	179	0.001003
39	586	0.001003
23	823	0.001003
5	89	0.001002
5	234	0.001002
5	780	0.001002
27	702	0.001001
29	510	0.000999
13	954	0.000997
19	467	0.000996
13	5	0.000995
13	390	0.000995
34	961	0.000992
37	350	0.000992
28	568	0.000991
22	906	0.000991
20	786	0.000991
26	70	0.000991
26	205	0.000991
25	104	0.000990
24	107	0.000990
27	633	0.000987
6	656	0.000987
11	961	0.000984
11	420	0.000981
32	19	0.000981
32	995	0.000981
23	975	0.000979
19	935	0.000979
13	579	0.000977
10	855	0.000975
23	943	0.000974
39	59	0.000971
39	153	0.000971
2	930	0.000968
1	994	0.000967
19	594	0.000966
19	943	0.000966
24	489	0.000965
39	913	0.000965
14	501	0.000964
18	580	0.000963
31	964	0.000963
25	112	0.000962
37	163	0.000959
18	621	0.000957
28	169	0.000957
28	528	0.000957
23	223	0.000956
23	549	0.000956
23	999	0.000956
39	470	0.000955
39	562	0.000955
15	570	0.000954
17	362	0.000953
1	753	0.000952
6	810	0.000949
6	898	0.000946
6	774	0.000945
1	530	0.000945
27	762	0.000943
40	804	0.000939
26	474	0.000939
17	553	0.000938
23	160	0.000936
23	456	0.000936
19	470	0.000936
19	898	0.000936
8	417	0.000934
9	223	0.000931
31	392	0.000930
39	907	0.000930
27	544	0.000929
33	510	0.000929
33	675	0.000928
21	66	0.000928
11	932	0.000927
24	583	0.000927
24	454	0.000925
12	692	0.000924
32	729	0.000921
18	815	0.000919
31	10	0.000919
11	457	0.000915
24	149	0.000913
22	170	0.000913
24	64	0.000911
19	112	0.000910
37	982	0.000910
13	939	0.000909
23	230	0.000909
33	451	0.000907
13	628	0.000906
39	719	0.000905
33	421	0.000904
33	468	0.000904
23	207	0.000900
19	620	0.000899
6	614	0.000896
37	871	0.000895
34	613	0.000894
10	474	0.000893
9	908	0.000892
13	886	0.000891
8	457	0.000891
31	544	0.000891
17	871	0.000889
31	425	0.000888
24	553	0.000882
27	761	0.000881
4	796	0.000879
31	473	0.000878
7	462	0.000878
27	699	0.000877
18	570	0.000873
33	950	0.000872
22	723	0.000872
23	734	0.000871
5	550	0.000871
24	754	0.000871
18	644	0.000869
14	971	0.000868
32	178	0.000866
10	683	0.000864
5	152	0.000864
5	168	0.000864
24	976	0.000862
5	625	0.000861
18	556	0.000861
31	223	0.000860
31	549	0.000860
2	184	0.000859
2	256	0.000859
2	364	0.000859
26	43	0.000855
11	962	0.000855
18	881	0.000855
2	904	0.000854
39	168	0.000854
20	544	0.000852
20	517	0.000851
15	744	0.000851
18	688	0.000849
10	396	0.000849
6	747	0.000846
2	476	0.000846
12	432	0.000843
12	937	0.000843
31	399	0.000843
23	622	0.000839
32	148	0.000838
37	939	0.000837
20	683	0.000837
24	196	0.000834
11	679	0.000833
19	920	0.000833
11	379	0.000833
11	957	0.000833
14	640	0.000830
19	248	0.000830
7	550	0.000829
20	102	0.000822
7	469	0.000822
10	594	0.000821
15	590	0.000821
6	698	0.000820
36	167	0.000820
36	451	0.000818
27	8	0.000817
9	157	0.000817
28	551	0.000817
23	910	0.000816
40	821	0.000816
27	899	0.000813
32	233	0.000812
23	514	0.000810
21	346	0.000809
37	390	0.000808
37	695	0.000808
27	713	0.000807
14	540	0.000807
14	830	0.000807
24	715	0.000806
19	150	0.000806
7	447	0.000804
32	838	0.000803
10	414	0.000802
10	603	0.000802
14	350	0.000801
19	700	0.000801
13	673	0.000797
40	673	0.000797
33	862	0.000797
33	984	0.000797
31	274	0.000794
13	237	0.000791
13	250	0.000791
27	640	0.000791
26	401	0.000791
11	437	0.000789
17	676	0.000788
18	753	0.000788
26	843	0.000788
18	148	0.000787
23	981	0.000786
23	405	0.000786
39	258	0.000784
9	740	0.000784
34	333	0.000784
34	642	0.000784
20	761	0.000780
5	362	0.000779
6	557	0.000778
23	777	0.000777
23	996	0.000777
32	832	0.000777
2	806	0.000775
2	941	0.000774
20	748	0.000773
2	534	0.000772
14	709	0.000771
11	523	0.000771
39	104	0.000770
36	916	0.000769
37	930	0.000769
6	866	0.000768
7	340	0.000768
37	616	0.000768
30	599	0.000767
39	676	0.000765
5	668	0.000765
25	836	0.000764
32	427	0.000761
27	102	0.000759
27	396	0.000759
27	591	0.000759
20	414	0.000756
21	504	0.000756
5	672	0.000755
23	446	0.000755
23	560	0.000755
8	23	0.000755
31	709	0.000753
20	230	0.000752
26	615	0.000750
31	790	0.000749
9	814	0.000746
14	228	0.000746
14	944	0.000746
11	610	0.000745
22	552	0.000745
26	936	0.000743
39	671	0.000742
19	615	0.000742
32	714	0.000741
26	909	0.000740
13	565	0.000739
31	581	0.000738
39	138	0.000737
39	215	0.000737
39	415	0.000737
12	810	0.000735
40	935	0.000734
19	682	0.000734
18	175	0.000734
18	290	0.000734
18	367	0.000734
29	716	0.000734
19	950	0.000734
28	886	0.000733
26	995	0.000733
1	878	0.000732
26	970	0.000732
29	491	0.000732
31	621	0.000732
6	806	0.000731
5	602	0.000731
18	922	0.000730
32	927	0.000729
19	728	0.000728
19	117	0.000728
13	643	0.000728
26	796	0.000728
14	837	0.000727
13	790	0.000726
37	694	0.000725
37	994	0.000725
13	656	0.000725
19	520	0.000725
26	734	0.000724
13	729	0.000724
10	568	0.000721
36	667	0.000720
36	776	0.000720
23	881	0.000720
32	516	0.000720
1	665	0.000719
2	333	0.000718
21	896	0.000718
7	380	0.000716
13	99	0.000715
13	813	0.000715
33	347	0.000714
33	969	0.000714
39	766	0.000713
5	594	0.000711
18	676	0.000711
24	781	0.000710
39	906	0.000710
23	380	0.000710
31	795	0.000709
6	238	0.000708
28	65	0.000707
24	600	0.000706
24	473	0.000704
39	910	0.000701
33	744	0.000699
13	433	0.000699
24	649	0.000696
27	941	0.000694
13	709	0.000694
14	986	0.000693
18	414	0.000693
33	863	0.000692
13	422	0.000692
6	122	0.000692
2	105	0.000691
2	197	0.000691
2	225	0.000691
2	505	0.000691
2	593	0.000691
2	783	0.000690
23	654	0.000689
24	390	0.000688
23	875	0.000688
24	209	0.000688
10	657	0.000687
14	727	0.000686
23	228	0.000685
12	81	0.000685
19	650	0.000684
24	721	0.000683
21	982	0.000683
8	466	0.000683
11	454	0.000681
22	668	0.000680
22	700	0.000680
24	604	0.000680
27	520	0.000679
19	660	0.000677
6	800	0.000676
23	692	0.000674
24	962	0.000674
20	606	0.000673
34	649	0.000673
14	217	0.000673
28	514	0.000669
28	966	0.000669
32	898	0.000668
6	577	0.000668
9	451	0.000668
24	23	0.000668
24	901	0.000668
8	585	0.000666
18	866	0.000665
23	242	0.000664
32	899	0.000664
32	952	0.000664
19	499	0.000662
25	7	0.000662
25	670	0.000662
25	867	0.000662
33	740	0.000660
20	421	0.000660
14	104	0.000659
26	464	0.000657
23	820	0.000657
33	614	0.000656
13	766	0.000655
16	425	0.000655
27	184	0.000653
1	457	0.000651
7	792	0.000651
28	649	0.000650
39	621	0.000649
24	548	0.000648
24	731	0.000648
24	757	0.000648
9	350	0.000647
23	522	0.000645
15	863	0.000644
13	487	0.000641
19	862	0.000640
10	631	0.000637
19	999	0.000637
33	470	0.000636
33	562	0.000636
12	209	0.000636
26	586	0.000634
28	678	0.000633
28	757	0.000633
22	581	0.000632
23	582	0.000630
13	667	0.000630
8	906	0.000630
29	599	0.000630
23	285	0.000629
25	417	0.000628
36	420	0.000626
31	849	0.000626
31	168	0.000625
10	580	0.000625
14	434	0.000625
37	81	0.000622
13	553	0.000621
26	475	0.000621
26	529	0.000621
27	151	0.000620
19	666	0.000620
31	410	0.000619
33	179	0.000619
31	219	0.000618
31	969	0.000618
26	921	0.000618
26	698	0.000615
8	720	0.000615
22	447	0.000614
22	690	0.000614
36	536	0.000613
23	76	0.000612
23	352	0.000612
33	979	0.000611
39	761	0.000610
39	926	0.000608
21	730	0.000604
28	407	0.000604
18	814	0.000603
24	747	0.000603
37	574	0.000600
21	803	0.000600
27	927	0.000599
23	876	0.000599
20	984	0.000598
24	171	0.000595
24	211	0.000595
24	248	0.000595
24	364	0.000595
24	705	0.000595
24	710	0.000595
14	795	0.000593
13	684	0.000590
39	873	0.000590
23	195	0.000589
23	273	0.000589
24	405	0.000589
18	255	0.000588
37	679	0.000588
22	904	0.000588
9	766	0.000585
8	837	0.000583
13	362	0.000581
27	772	0.000580
13	823	0.000578
21	390	0.000576
13	311	0.000575
14	440	0.000575
23	799	0.000574
19	568	0.000573
37	233	0.000573
13	775	0.000573
2	719	0.000573
30	808	0.000572
13	944	0.000572
13	947	0.000572
27	693	0.000572
26	422	0.000572
15	563	0.000570
32	543	0.000568
19	108	0.000568
39	717	0.000567
6	790	0.000566
32	852	0.000564
28	814	0.000564
28	988	0.000564
23	347	0.000563
37	748	0.000563
26	723	0.000563
20	556	0.000563
20	798	0.000563
18	460	0.000560
17	878	0.000554
31	972	0.000554
14	69	0.000552
14	956	0.000552
23	106	0.000551
23	337	0.000551
23	374	0.000551
20	654	0.000551
24	975	0.000550
28	973	0.000550
37	236	0.000550
11	39	0.000549
39	435	0.000547
23	603	0.000546
24	614	0.000545
6	267	0.000544
18	661	0.000543
2	860	0.000543
32	208	0.000542
26	783	0.000541
8	922	0.000541
39	181	0.000540
39	510	0.000540
39	658	0.000540
32	30	0.000539
33	643	0.000539
14	793	0.000538
13	37	0.000537
13	263	0.000537
13	394	0.000537
25	980	0.000537
18	689	0.000537
23	477	0.000537
39	737	0.000537
19	679	0.000537
31	824	0.000534
39	599	0.000534
19	627	0.000532
33	189	0.000530
33	437	0.000530
31	788	0.000529
31	874	0.000529
22	259	0.000529
36	943	0.000528
23	935	0.000528
12	618	0.000526
6	66	0.000526
6	731	0.000526
31	565	0.000525
6	566	0.000523
31	580	0.000523
13	782	0.000521
5	159	0.000520
26	894	0.000518
24	974	0.000517
31	511	0.000517
31	578	0.000517
27	732	0.000516
19	65	0.000514
23	608	0.000514
14	747	0.000514
14	797	0.000514
11	285	0.000513
11	757	0.000513
19	434	0.000512
17	569	0.000512
39	488	0.000511
5	684	0.000508
21	112	0.000507
20	562	0.000505
23	458	0.000505
24	130	0.000505
13	60	0.000503
13	297	0.000503
16	907	0.000502
20	753	0.000502
15	409	0.000501
31	495	0.000500
12	170	0.000500
12	816	0.000500
7	520	0.000500
28	7	0.000498
28	442	0.000498
18	888	0.000497
39	115	0.000496
39	158	0.000496
39	288	0.000496
39	927	0.000496
6	468	0.000495
21	994	0.000495
2	650	0.000494
29	420	0.000493
1	512	0.000491
1	655	0.000491
18	687	0.000491
26	770	0.000490
18	492	0.000490
29	457	0.000489
26	976	0.000489
15	2	0.000488
10	509	0.000488
10	543	0.000488
24	155	0.000485
24	966	0.000485
34	732	0.000485
13	983	0.000485
25	750	0.000484
37	938	0.000482
27	585	0.000482
27	597	0.000482
29	558	0.000480
14	461	0.000479
11	836	0.000479
11	1000	0.000479
34	981	0.000478
33	975	0.000478
6	764	0.000476
2	453	0.000475
11	835	0.000475
32	775	0.000472
23	859	0.000471
27	558	0.000470
34	805	0.000470
2	351	0.000470
40	476	0.000465
22	792	0.000464
23	356	0.000464
23	601	0.000464
36	674	0.000462
24	258	0.000461
24	944	0.000461
23	671	0.000461
31	184	0.000461
31	779	0.000461
31	447	0.000460
18	96	0.000458
18	365	0.000458
18	626	0.000458
7	537	0.000458
23	931	0.000457
18	904	0.000457
18	783	0.000455
9	425	0.000454
1	435	0.000454
15	574	0.000453
40	541	0.000452
40	809	0.000452
27	28	0.000452
23	623	0.000452
18	481	0.000451
23	879	0.000450
6	647	0.000450
14	946	0.000450
22	667	0.000449
14	962	0.000448
33	679	0.000448
31	385	0.000448
6	1000	0.000448
13	286	0.000447
39	64	0.000447
19	877	0.000446
11	725	0.000445
9	681	0.000444
18	832	0.000443
14	178	0.000443
14	429	0.000443
19	175	0.000443
19	199	0.000443
36	971	0.000442
24	8	0.000442
24	16	0.000442
24	67	0.000442
24	77	0.000442
24	325	0.000442
31	871	0.000441
19	465	0.000439
19	593	0.000439
36	793	0.000439
19	129	0.000438
6	108	0.000436
28	743	0.000435
6	606	0.000435
10	693	0.000435
20	703	0.000435
13	653	0.000434
23	670	0.000433
13	268	0.000433
13	470	0.000432
24	3	0.000432
24	514	0.000432
14	420	0.000432
2	561	0.000429
6	153	0.000428
40	881	0.000428
31	353	0.000427
34	714	0.000425
34	896	0.000425
28	618	0.000425
21	740	0.000425
14	112	0.000423
26	164	0.000423
26	455	0.000423
34	913	0.000420
6	415	0.000419
12	880	0.000417
13	649	0.000417
28	881	0.000417
23	994	0.000415
31	887	0.000413
31	1000	0.000413
11	847	0.000412
40	595	0.000411
2	152	0.000410
26	886	0.000410
14	537	0.000410
19	604	0.000409
20	578	0.000409
13	605	0.000408
13	687	0.000408
9	924	0.000406
28	682	0.000405
31	23	0.000404
31	785	0.000404
12	748	0.000402
8	253	0.000401
8	784	0.000401
27	994	0.000400
29	908	0.000399
27	844	0.000399
11	445	0.000398
2	603	0.000397
40	878	0.000396
13	468	0.000393
24	863	0.000392
39	937	0.000390
5	630	0.000388
18	743	0.000387
6	982	0.000386
23	697	0.000384
10	859	0.000384
14	457	0.000383
24	816	0.000382
24	356	0.000382
18	501	0.000382
18	879	0.000382
39	501	0.000381
13	614	0.000380
30	975	0.000379
40	401	0.000377
23	865	0.000376
37	595	0.000376
28	506	0.000376
28	559	0.000376
28	701	0.000376
11	530	0.000376
10	558	0.000374
19	1	0.000373
25	123	0.000372
27	105	0.000372
27	486	0.000372
27	505	0.000372
13	691	0.000372
31	680	0.000372
31	741	0.000372
31	860	0.000372
12	569	0.000371
40	99	0.000371
33	999	0.000371
13	640	0.000366
27	709	0.000366
39	602	0.000366
14	563	0.000363
6	433	0.000362
19	552	0.000361
19	766	0.000360
19	986	0.000360
31	527	0.000358
39	856	0.000358
8	230	0.000357
31	342	0.000357
37	829	0.000356
37	880	0.000356
23	409	0.000356
37	433	0.000356
21	673	0.000354
8	724	0.000354
14	703	0.000352
30	982	0.000352
24	555	0.000351
31	701	0.000351
19	124	0.000351
19	193	0.000351
19	203	0.000351
19	270	0.000351
9	177	0.000351
19	566	0.000350
19	897	0.000350
31	654	0.000350
1	340	0.000349
2	582	0.000349
24	521	0.000349
21	804	0.000348
24	709	0.000348
24	801	0.000348
17	551	0.000348
39	644	0.000348
31	890	0.000345
39	924	0.000344
21	676	0.000344
14	357	0.000342
14	662	0.000342
13	702	0.000342
31	229	0.000342
34	602	0.000342
18	978	0.000341
18	249	0.000341
18	251	0.000341
18	363	0.000341
18	408	0.000341
18	849	0.000341
7	405	0.000341
28	732	0.000338
12	713	0.000338
18	766	0.000337
18	959	0.000337
32	165	0.000337
32	507	0.000337
33	122	0.000334
18	540	0.000333
18	830	0.000333
22	527	0.000331
14	832	0.000330
39	578	0.000329
32	661	0.000329
32	970	0.000329
9	800	0.000329
9	871	0.000329
31	523	0.000328
29	66	0.000328
24	442	0.000327
13	174	0.000327
13	294	0.000327
13	788	0.000327
36	666	0.000327
32	500	0.000325
24	615	0.000325
1	886	0.000323
34	739	0.000322
29	642	0.000321
8	978	0.000319
14	935	0.000319
14	647	0.000319
11	163	0.000319
11	947	0.000319
19	5	0.000318
34	420	0.000318
22	520	0.000317
1	224	0.000316
6	484	0.000316
7	468	0.000316
27	754	0.000313
23	594	0.000313
31	515	0.000311
23	841	0.000311
2	963	0.000311
39	154	0.000310
24	210	0.000310
6	403	0.000310
23	667	0.000306
23	776	0.000306
8	740	0.000305
37	927	0.000305
6	170	0.000304
6	533	0.000304
39	400	0.000304
23	482	0.000304
22	683	0.000303
34	744	0.000303
34	800	0.000302
23	59	0.000302
23	785	0.000302
23	464	0.000300
23	988	0.000300
20	608	0.000300
1	380	0.000300
33	3	0.000298
15	878	0.000298
13	931	0.000298
6	150	0.000296
40	839	0.000295
23	214	0.000295
31	957	0.000295
1	700	0.000295
39	953	0.000294
14	686	0.000293
36	654	0.000293
7	604	0.000292
5	131	0.000292
5	189	0.000292
23	18	0.000291
23	738	0.000291
6	650	0.000289
11	766	0.000289
18	506	0.000288
39	652	0.000288
6	794	0.000287
18	409	0.000287
29	414	0.000287
29	603	0.000287
19	258	0.000286
19	448	0.000286
19	876	0.000286
12	430	0.000285
12	435	0.000285
12	462	0.000285
19	370	0.000283
32	424	0.000283
6	667	0.000283
6	967	0.000283
31	594	0.000280
37	627	0.000279
28	401	0.000279
26	612	0.000279
19	829	0.000278
19	960	0.000278
14	810	0.000278
29	918	0.000278
19	473	0.000277
40	499	0.000277
39	718	0.000275
33	982	0.000272
20	691	0.000272
31	21	0.000272
31	254	0.000272
31	273	0.000272
31	612	0.000270
18	868	0.000270
6	579	0.000269
1	592	0.000268
1	916	0.000268
32	89	0.000267
32	334	0.000267
9	296	0.000267
26	732	0.000266
28	937	0.000266
14	286	0.000265
2	544	0.000263
19	148	0.000263
29	52	0.000261
13	224	0.000261
17	422	0.000261
37	621	0.000261
27	981	0.000260
31	53	0.000257
8	716	0.000257
23	436	0.000257
19	453	0.000256
19	649	0.000256
20	642	0.000254
6	729	0.000253
31	154	0.000253
39	490	0.000253
39	545	0.000253
19	535	0.000251
24	830	0.000251
14	119	0.000250
14	274	0.000250
23	669	0.000248
27	165	0.000248
13	725	0.000247
13	814	0.000247
13	968	0.000247
26	928	0.000246
9	508	0.000244
24	540	0.000243
14	433	0.000243
19	747	0.000243
23	658	0.000242
22	759	0.000240
28	482	0.000240
28	890	0.000240
28	915	0.000240
20	440	0.000239
37	713	0.000239
5	974	0.000238
36	491	0.000238
23	750	0.000236
2	181	0.000236
2	658	0.000236
6	918	0.000236
18	88	0.000234
18	178	0.000234
18	273	0.000234
18	475	0.000234
7	751	0.000234
14	538	0.000233
6	7	0.000231
6	442	0.000231
13	665	0.000231
33	887	0.000230
31	22	0.000230
31	253	0.000230
31	532	0.000230
29	788	0.000229
33	550	0.000229
32	786	0.000229
39	754	0.000227
19	821	0.000225
22	230	0.000224
1	523	0.000223
15	646	0.000223
1	667	0.000222
18	857	0.000222
32	435	0.000218
32	583	0.000218
31	228	0.000218
26	973	0.000217
31	543	0.000217
23	563	0.000215
33	333	0.000215
37	646	0.000214
32	608	0.000214
27	221	0.000214
9	930	0.000214
23	649	0.000213
18	673	0.000213
23	541	0.000213
39	753	0.000213
27	473	0.000212
8	587	0.000212
40	979	0.000212
19	967	0.000212
2	585	0.000210
24	2	0.000209
19	395	0.000209
34	676	0.000208
40	469	0.000207
36	509	0.000206
19	892	0.000206
18	684	0.000206
5	679	0.000206
27	518	0.000204
27	417	0.000204
31	915	0.000203
13	896	0.000202
32	652	0.000202
28	635	0.000200
19	33	0.000199
19	205	0.000199
19	227	0.000199
37	531	0.000199
33	968	0.000197
24	218	0.000196
24	958	0.000196
28	640	0.000196
6	840	0.000196
39	219	0.000195
39	700	0.000193
2	813	0.000192
2	466	0.000192
37	269	0.000190
23	714	0.000189
13	737	0.000189
26	925	0.000187
6	11	0.000186
6	371	0.000186
6	564	0.000186
36	545	0.000186
31	54	0.000185
26	471	0.000185
31	519	0.000185
30	863	0.000185
10	826	0.000184
12	434	0.000184
2	64	0.000183
2	271	0.000183
2	280	0.000183
2	889	0.000183
10	980	0.000183
18	471	0.000181
27	490	0.000181
19	692	0.000181
29	976	0.000180
19	716	0.000179
19	733	0.000179
11	5	0.000178
11	390	0.000178
11	929	0.000178
23	544	0.000178
26	711	0.000178
27	745	0.000177
27	764	0.000177
21	840	0.000176
36	473	0.000176
10	453	0.000175
26	614	0.000175
23	828	0.000175
24	556	0.000174
24	526	0.000174
31	470	0.000172
18	852	0.000170
23	79	0.000170
5	543	0.000169
13	596	0.000169
13	836	0.000168
37	707	0.000167
20	802	0.000167
34	586	0.000167
33	174	0.000166
33	847	0.000166
28	810	0.000165
31	745	0.000165
14	184	0.000164
14	311	0.000164
14	364	0.000164
14	705	0.000164
19	445	0.000164
2	868	0.000163
32	609	0.000161
19	546	0.000157
24	644	0.000157
9	665	0.000156
32	676	0.000156
19	297	0.000156
39	750	0.000153
6	666	0.000152
23	480	0.000152
23	788	0.000152
26	795	0.000151
18	247	0.000151
18	390	0.000151
23	469	0.000151
25	973	0.000149
25	694	0.000147
5	843	0.000146
31	547	0.000144
27	853	0.000144
27	65	0.000144
6	595	0.000144
22	803	0.000144
31	504	0.000143
23	206	0.000143
23	234	0.000143
28	656	0.000141
18	910	0.000141
31	189	0.000140
31	438	0.000140
31	571	0.000140
24	314	0.000140
25	314	0.000140
25	665	0.000140
19	867	0.000140
23	643	0.000140
32	213	0.000140
32	572	0.000140
27	389	0.000139
34	574	0.000139
34	783	0.000139
24	972	0.000138
26	434	0.000138
24	357	0.000137
24	416	0.000137
24	496	0.000137
24	894	0.000137
33	616	0.000137
28	661	0.000137
5	727	0.000137
29	692	0.000136
20	855	0.000136
23	644	0.000136
33	687	0.000135
12	762	0.000134
2	856	0.000133
27	629	0.000133
27	860	0.000133
31	698	0.000132
39	691	0.000131
18	923	0.000130
23	717	0.000130
13	704	0.000129
13	721	0.000129
8	438	0.000129
8	476	0.000127
23	334	0.000126
23	747	0.000126
7	509	0.000126
18	563	0.000126
6	804	0.000126
31	793	0.000126
39	591	0.000126
39	361	0.000122
24	152	0.000122
24	213	0.000122
34	481	0.000122
33	414	0.000122
13	671	0.000120
39	413	0.000120
25	477	0.000119
40	531	0.000119
12	745	0.000119
12	764	0.000119
22	782	0.000119
27	543	0.000119
26	547	0.000119
2	536	0.000117
39	843	0.000116
23	179	0.000116
23	791	0.000116
10	723	0.000116
19	741	0.000115
6	396	0.000113
18	918	0.000113
2	425	0.000113
25	409	0.000109
8	882	0.000109
8	796	0.000108
37	351	0.000107
9	586	0.000107
26	507	0.000106
5	561	0.000106
6	769	0.000105
10	963	0.000103
27	224	0.000102
27	495	0.000102
39	6	0.000102
24	511	0.000102
11	123	0.000101
11	994	0.000101
6	632	0.000100
31	370	0.000100
25	533	0.000099
39	764	0.000099
19	541	0.000095
28	521	0.000095
1	520	0.000095
9	446	0.000095
18	737	0.000095
1	843	0.000095
2	474	0.000094
40	745	0.000094
13	466	0.000093
37	167	0.000092
39	544	0.000091
13	48	0.000090
13	285	0.000090
13	678	0.000090
13	731	0.000090
13	635	0.000090
2	819	0.000089
26	595	0.000089
23	151	0.000089
27	355	0.000088
27	575	0.000088
8	734	0.000087
14	573	0.000086
13	154	0.000086
25	820	0.000086
2	996	0.000085
14	180	0.000085
14	204	0.000085
14	207	0.000085
26	575	0.000085
19	149	0.000084
26	804	0.000084
18	474	0.000084
18	527	0.000084
24	730	0.000084
19	814	0.000084
24	498	0.000083
24	987	0.000083
6	742	0.000082
29	559	0.000082
8	673	0.000082
32	787	0.000081
18	591	0.000081
13	666	0.000080
31	131	0.000079
25	541	0.000079
25	560	0.000079
2	628	0.000079
28	983	0.000079
33	561	0.000077
11	554	0.000077
37	380	0.000076
7	511	0.000076
7	578	0.000076
7	693	0.000076
32	981	0.000076
23	887	0.000076
23	1000	0.000076
33	876	0.000076
19	458	0.000074
12	792	0.000074
33	789	0.000073
10	630	0.000073
2	517	0.000072
39	333	0.000072
23	1	0.000072
1	561	0.000069
19	480	0.000068
5	514	0.000068
24	459	0.000067
28	177	0.000067
11	744	0.000067
15	591	0.000065
31	695	0.000065
2	647	0.000064
23	447	0.000064
6	700	0.000063
19	179	0.000062
9	852	0.000062
19	418	0.000060
39	858	0.000060
25	840	0.000059
12	540	0.000059
37	434	0.000059
10	845	0.000058
19	460	0.000057
19	618	0.000057
23	858	0.000054
11	746	0.000053
11	810	0.000053
39	516	0.000053
23	893	0.000052
23	280	0.000052
23	428	0.000052
19	994	0.000051
26	644	0.000051
8	242	0.000051
6	831	0.000050
19	170	0.000050
33	651	0.000047
18	455	0.000047
18	851	0.000047
18	952	0.000047
34	439	0.000047
31	428	0.000046
31	885	0.000046
31	889	0.000046
31	985	0.000046
21	370	0.000045
31	489	0.000042
6	928	0.000042
17	661	0.000041
23	422	0.000041
28	917	0.000040
29	700	0.000040
26	121	0.000039
26	452	0.000039
26	860	0.000039
2	219	0.000039
2	373	0.000039
18	642	0.000038
6	959	0.000038
19	538	0.000038
1	981	0.000038
22	654	0.000037
19	522	0.000036
19	816	0.000036
24	174	0.000034
30	523	0.000034
20	799	0.000033
19	924	0.000033
29	843	0.000032
13	984	0.000032
1	298	0.000030
1	936	0.000030
27	340	0.000029
27	519	0.000029
29	730	0.000028
21	395	0.000028
24	237	0.000026
32	107	0.000026
32	130	0.000026
33	819	0.000025
33	857	0.000024
10	819	0.000024
31	363	0.000023
31	934	0.000023
33	407	0.000022
37	857	0.000021
33	214	0.000020
33	559	0.000020
2	643	0.000019
12	597	0.000016
12	648	0.000016
15	422	0.000016
24	43	0.000016
13	472	0.000013
31	576	0.000012
2	707	0.000012
14	225	0.000011
14	711	0.000011
31	599	0.000010
19	426	0.000010
23	40	0.000010
23	42	0.000010
23	317	0.000010
23	696	0.000010
27	6	0.000009
23	928	0.000009
23	122	0.000008
23	812	0.000008
33	893	0.000008
32	417	0.000006
14	866	0.000005
22	614	0.000005
20	557	0.000004
27	661	0.000004
19	921	0.000003
19	861	0.000003
39	451	0.000003
11	460	0.000003
25	99	0.000003
25	229	0.000003
25	596	0.000003
25	883	0.000003
31	227	0.000001
31	255	0.000001
31	639	0.000001
32	224	0.000001
24	608	0.000000
10	732	0.000000
