2	236	0.986742
25	490	0.984765
2	673	0.979988
21	981	0.977430
2	340	0.977256
8	982	0.976465
37	981	0.975479
39	689	0.971551
2	739	0.964759
27	531	0.964412
14	148	0.964210
29	982	0.962206
2	538	0.959724
27	609	0.957717
23	882	0.957671
39	264	0.957497
21	538	0.956854
13	747	0.955477
17	542	0.955422
13	230	0.955000
29	434	0.954941
25	492	0.954868
14	526	0.954588
27	131	0.952656
24	983	0.952474
25	751	0.952456
14	739	0.950487
2	964	0.949746
29	974	0.949421
13	389	0.948093
21	148	0.946448
13	477	0.945003
31	488	0.944296
2	981	0.942603
21	236	0.942443
27	793	0.941422
14	570	0.940986
5	982	0.940960
21	867	0.940896
23	612	0.939772
27	612	0.939683
11	538	0.939189
28	547	0.938995
25	148	0.938655
25	622	0.938172
27	282	0.937482
27	599	0.937340
27	962	0.936616
24	796	0.936556
24	986	0.936534
25	570	0.936473
13	421	0.935652
5	838	0.935077
28	449	0.933748
13	891	0.933066
23	719	0.932537
21	561	0.932132
8	561	0.931688
5	855	0.931601
24	672	0.930357
40	699	0.929972
22	421	0.927999
24	782	0.927694
13	982	0.927538
5	230	0.927346
14	473	0.926965
14	921	0.926487
8	753	0.925879
39	570	0.925832
14	887	0.925473
29	389	0.924767
29	891	0.923939
24	752	0.922866
37	793	0.922460
39	389	0.922181
21	702	0.922160
39	964	0.921785
26	969	0.921297
27	859	0.921224
11	862	0.919673
39	980	0.918854
13	855	0.918721
14	694	0.918572
31	611	0.918494
14	919	0.917933
8	891	0.917265
25	979	0.916587
14	404	0.916512
16	249	0.915595
14	981	0.915582
14	818	0.915426
25	574	0.915220
20	432	0.914478
31	609	0.914041
21	973	0.913792
23	387	0.913083
29	753	0.912355
24	563	0.911859
27	208	0.911355
31	551	0.910911
14	671	0.910840
14	284	0.910558
24	973	0.910538
23	403	0.909673
29	863	0.908534
24	206	0.908490
24	430	0.908081
32	568	0.907637
37	538	0.907493
27	530	0.906880
14	698	0.906800
17	740	0.906552
23	600	0.906104
5	747	0.906040
25	548	0.905126
39	963	0.904872
30	434	0.903736
24	806	0.903479
5	863	0.903158
24	612	0.903138
17	543	0.902312
24	702	0.901864
21	976	0.900608
26	551	0.900605
39	887	0.899732
11	793	0.899204
39	981	0.899036
28	224	0.898866
24	855	0.898732
37	747	0.898209
32	545	0.898136
23	909	0.897576
28	962	0.897355
30	389	0.897071
24	971	0.896854
37	295	0.896852
23	295	0.896100
23	233	0.895577
13	843	0.894926
23	566	0.894414
23	986	0.894027
31	693	0.894006
28	731	0.893974
37	346	0.893875
31	963	0.893423
39	248	0.893326
37	437	0.893105
11	464	0.892962
23	148	0.892241
32	962	0.891732
24	905	0.891394
24	820	0.891310
24	982	0.891197
2	449	0.891077
31	516	0.890922
27	538	0.890434
13	753	0.890120
31	652	0.889415
24	734	0.889041
27	976	0.888955
40	971	0.888753
24	742	0.888424
5	434	0.888133
8	984	0.888027
31	449	0.885578
11	509	0.885364
14	740	0.885148
31	962	0.884982
31	893	0.884740
13	830	0.884373
39	209	0.884187
23	441	0.884103
2	924	0.884093
20	387	0.883725
31	862	0.883330
13	734	0.883135
11	905	0.882855
29	820	0.882163
2	521	0.882098
5	574	0.881217
23	782	0.880748
21	979	0.880278
2	266	0.880034
30	974	0.878989
23	868	0.878564
13	820	0.878361
31	509	0.878061
28	698	0.877435
37	340	0.877307
36	33	0.877222
31	786	0.876702
20	434	0.876069
31	835	0.875917
23	402	0.875255
27	119	0.874927
39	469	0.874791
23	163	0.874291
30	891	0.874174
2	595	0.873428
24	979	0.873098
24	418	0.872866
39	496	0.872772
2	461	0.872554
4	694	0.872213
24	579	0.871105
39	979	0.871018
13	763	0.870936
31	999	0.870632
14	848	0.869828
25	828	0.869046
2	346	0.868621
23	531	0.868425
25	745	0.868339
31	568	0.867811
5	983	0.867532
2	792	0.867418
11	568	0.867327
37	660	0.867113
2	587	0.866463
31	837	0.866391
32	783	0.865911
5	820	0.865785
13	863	0.865715
37	568	0.865610
32	835	0.865504
20	490	0.865342
10	490	0.865150
24	461	0.865079
31	737	0.864598
36	568	0.864329
24	699	0.864304
26	578	0.864081
25	699	0.863394
11	533	0.863157
23	983	0.862939
2	224	0.862646
32	837	0.862123
27	608	0.862111
13	401	0.862003
10	643	0.860994
27	286	0.860522
4	747	0.860073
25	913	0.859866
5	608	0.859863
24	625	0.859211
31	906	0.859181
21	526	0.858848
25	740	0.858207
32	740	0.857605
37	248	0.857409
25	414	0.856645
32	963	0.856585
32	754	0.856346
21	980	0.856210
26	740	0.856019
2	175	0.855767
32	999	0.855591
5	891	0.855429
26	267	0.855028
23	581	0.854786
13	131	0.854752
11	95	0.854680
2	473	0.854587
39	600	0.854038
31	842	0.853509
31	494	0.853389
13	434	0.853378
10	740	0.852151
31	653	0.851741
31	582	0.851597
23	919	0.851453
36	818	0.851212
27	862	0.851135
31	907	0.850445
23	411	0.850218
21	913	0.850070
40	148	0.849944
25	437	0.849258
27	577	0.849094
37	411	0.848940
21	418	0.848697
36	246	0.848379
23	48	0.848341
31	460	0.848305
26	731	0.847951
40	348	0.847778
39	230	0.847517
36	284	0.847099
26	907	0.846666
20	982	0.846166
24	561	0.844999
39	747	0.844983
20	843	0.844256
32	693	0.844176
5	238	0.844051
26	906	0.843939
13	599	0.842615
13	574	0.842385
2	971	0.842335
14	181	0.841991
37	266	0.841946
14	512	0.841659
31	740	0.841617
23	901	0.840890
23	2	0.840456
25	583	0.839883
32	919	0.839822
24	793	0.839572
8	15	0.839537
31	924	0.839449
13	257	0.839195
23	971	0.838645
26	763	0.838421
28	906	0.838154
11	450	0.837864
8	255	0.837445
39	124	0.837402
23	501	0.836764
26	967	0.836678
14	974	0.836438
11	492	0.836341
2	737	0.835442
10	890	0.835319
40	973	0.835006
36	863	0.834554
23	905	0.834203
31	660	0.834133
13	974	0.834055
23	973	0.833752
25	754	0.833583
36	608	0.833433
36	548	0.832769
31	754	0.832722
24	387	0.832371
24	485	0.832240
16	796	0.832055
2	244	0.831720
24	719	0.831665
28	255	0.831350
26	900	0.831251
40	786	0.831196
26	238	0.830986
37	666	0.830384
22	982	0.829916
23	476	0.829552
14	629	0.829036
4	835	0.828850
27	509	0.828693
29	596	0.828596
10	296	0.828402
24	95	0.827734
39	699	0.827681
21	516	0.827423
39	530	0.827377
14	868	0.826954
28	793	0.826888
22	211	0.825930
4	574	0.825467
13	723	0.825181
10	682	0.825059
21	666	0.824654
5	490	0.824622
32	806	0.824335
28	898	0.824182
31	531	0.824173
26	653	0.822567
26	671	0.822295
21	672	0.822235
23	742	0.821887
28	740	0.821777
30	436	0.820799
25	921	0.820659
13	216	0.820508
14	792	0.820465
39	973	0.820390
39	267	0.820119
31	439	0.819545
31	619	0.819235
2	9	0.818815
14	909	0.818644
27	832	0.818566
37	267	0.818435
39	883	0.817753
30	877	0.817499
26	295	0.817424
20	477	0.817349
11	907	0.817217
8	863	0.816824
40	909	0.816528
30	747	0.816442
21	175	0.816051
21	780	0.815425
40	780	0.815144
21	133	0.814722
24	490	0.813667
31	267	0.813034
20	389	0.812149
39	422	0.811999
20	446	0.811623
14	979	0.811150
13	548	0.810629
14	469	0.810614
40	131	0.810028
37	587	0.809842
24	802	0.809805
10	492	0.809155
24	686	0.808912
31	530	0.808434
8	855	0.808280
23	461	0.807763
31	783	0.807597
14	734	0.806739
2	867	0.806691
23	124	0.806408
31	617	0.804985
40	731	0.804973
39	734	0.804927
31	796	0.804837
22	740	0.803687
13	264	0.803318
26	568	0.803247
29	855	0.803039
21	868	0.802877
16	919	0.802717
21	971	0.802588
24	913	0.802447
39	416	0.802077
11	871	0.801093
24	981	0.800349
37	436	0.799908
31	973	0.799778
5	700	0.799313
32	682	0.798741
39	450	0.798233
14	676	0.798036
31	982	0.797248
31	981	0.796421
10	743	0.796071
2	88	0.795225
27	828	0.794570
27	982	0.794129
31	765	0.793917
23	982	0.792991
13	252	0.792918
13	561	0.792676
25	536	0.792204
10	464	0.792177
14	230	0.791951
28	267	0.790961
31	855	0.790854
28	609	0.790699
24	501	0.790686
2	976	0.790460
10	660	0.790300
24	786	0.790093
5	401	0.789783
11	660	0.789753
2	828	0.789550
24	848	0.789414
31	648	0.789388
31	545	0.789216
13	981	0.788661
31	983	0.788491
24	480	0.788107
27	470	0.787599
16	723	0.787593
23	539	0.787166
13	717	0.787022
24	574	0.786921
27	449	0.786861
27	751	0.786824
17	545	0.786712
24	163	0.786693
16	148	0.786087
26	999	0.786051
31	148	0.785427
5	780	0.785294
23	763	0.785222
39	830	0.784626
20	282	0.784390
22	485	0.783719
39	208	0.783717
31	828	0.782766
14	346	0.782564
22	236	0.782423
26	689	0.782360
26	175	0.781838
24	882	0.781739
36	796	0.781696
17	745	0.781226
37	974	0.781109
17	674	0.780476
14	653	0.780296
36	530	0.779774
20	806	0.779721
31	522	0.779532
24	740	0.779480
27	818	0.779279
8	556	0.779080
24	401	0.778946
31	682	0.778157
13	796	0.777964
26	656	0.777938
39	346	0.777015
23	740	0.776751
25	413	0.776678
14	622	0.776563
14	476	0.776534
31	976	0.775908
31	672	0.775562
37	450	0.775336
13	469	0.775194
25	461	0.774347
17	898	0.772962
32	519	0.772943
21	909	0.772629
13	255	0.772572
29	561	0.772554
22	389	0.772470
8	806	0.772014
17	286	0.771864
31	882	0.771485
2	439	0.771384
31	919	0.771323
23	855	0.770703
23	450	0.770340
27	820	0.770011
13	583	0.769717
31	782	0.769618
22	439	0.769090
8	820	0.768822
5	763	0.768765
25	608	0.767874
37	913	0.766968
8	434	0.766951
14	643	0.766933
37	163	0.766888
14	191	0.766693
39	259	0.766575
28	538	0.766442
26	611	0.766186
36	521	0.765581
31	832	0.764703
27	971	0.764695
13	446	0.762969
32	442	0.762962
2	197	0.762661
31	476	0.762508
24	906	0.762175
24	257	0.762111
31	980	0.761817
25	487	0.761622
14	964	0.761560
5	469	0.761347
24	877	0.761141
27	796	0.760760
2	698	0.760580
20	984	0.760565
31	561	0.760483
5	837	0.760413
27	984	0.760347
37	236	0.760341
23	786	0.760089
31	747	0.759684
39	249	0.759543
31	971	0.759357
20	421	0.759350
39	252	0.758953
24	643	0.758842
23	561	0.758538
31	810	0.758279
31	241	0.757163
22	743	0.756935
31	414	0.756879
8	782	0.756669
27	999	0.756499
4	796	0.756078
13	490	0.755789
24	723	0.755510
14	556	0.755216
13	531	0.755013
11	439	0.754683
16	568	0.754429
37	828	0.754237
24	611	0.754124
31	838	0.753914
37	148	0.753799
24	652	0.753265
32	454	0.753251
39	471	0.753071
31	909	0.752799
26	530	0.752090
27	973	0.751613
40	913	0.751602
31	702	0.751482
20	562	0.751460
5	477	0.751400
11	175	0.751147
31	436	0.750623
29	673	0.750590
23	737	0.750055
25	848	0.750035
29	782	0.750017
31	984	0.749778
10	913	0.749770
13	971	0.749714
10	832	0.749713
24	907	0.749679
31	905	0.749530
23	575	0.749347
20	556	0.748824
21	354	0.748697
28	442	0.748312
21	256	0.747902
25	867	0.747696
31	528	0.747675
24	599	0.747575
26	693	0.747341
28	514	0.747303
24	835	0.747149
24	891	0.746916
31	699	0.746860
14	986	0.746596
39	982	0.746524
13	402	0.746254
22	296	0.746149
8	541	0.745289
13	973	0.745273
21	963	0.745261
23	672	0.744921
13	148	0.744826
14	596	0.744644
13	608	0.744589
24	698	0.744148
39	587	0.744098
28	527	0.743645
39	855	0.743635
10	657	0.743628
27	740	0.743543
22	259	0.742492
11	580	0.742439
22	530	0.742155
24	476	0.742070
27	763	0.741798
23	657	0.741603
2	782	0.741417
10	859	0.741286
30	599	0.741054
40	673	0.741029
5	446	0.740892
26	665	0.740598
31	763	0.739777
31	723	0.739600
31	967	0.739462
11	796	0.739364
16	700	0.739352
27	401	0.739065
27	882	0.739040
31	806	0.738749
31	753	0.737891
11	740	0.737860
31	913	0.737637
40	734	0.737514
13	909	0.737425
39	548	0.737302
5	828	0.736404
2	855	0.735965
22	906	0.735386
31	891	0.735384
31	979	0.734586
23	890	0.734386
28	528	0.734197
29	848	0.734080
32	660	0.733712
11	437	0.733620
39	244	0.733613
32	906	0.733496
14	501	0.733455
13	256	0.733416
31	820	0.733357
31	977	0.733208
13	570	0.732808
31	574	0.732783
23	547	0.732571
8	446	0.732046
27	855	0.731882
14	976	0.731575
23	844	0.731461
29	230	0.731449
31	556	0.731419
39	461	0.730954
40	404	0.730835
27	476	0.730545
31	535	0.730447
27	33	0.730210
27	979	0.730030
23	806	0.729966
24	689	0.729885
13	672	0.729626
5	131	0.729276
10	693	0.729238
24	551	0.729148
36	674	0.728726
40	924	0.728614
26	820	0.728121
2	505	0.728099
32	982	0.728098
24	963	0.727986
31	404	0.727852
39	577	0.727825
31	868	0.727467
22	792	0.727314
36	536	0.727293
17	470	0.727008
24	739	0.726950
10	414	0.726801
24	530	0.726788
27	983	0.726432
22	842	0.726320
37	595	0.726187
27	561	0.726163
23	891	0.726117
31	422	0.725504
24	348	0.725491
24	753	0.725327
13	786	0.725288
31	471	0.725131
2	719	0.724707
31	863	0.724690
24	15	0.724209
31	526	0.723305
24	403	0.723191
27	863	0.722864
26	782	0.722631
26	832	0.722509
10	855	0.722375
2	233	0.722345
31	570	0.722048
25	891	0.721372
20	608	0.721004
27	471	0.720997
36	464	0.720664
13	403	0.720612
31	563	0.720513
24	622	0.720220
31	434	0.720099
8	971	0.719929
23	538	0.719864
37	694	0.718269
31	566	0.718201
32	796	0.717790
26	981	0.717729
31	673	0.717290
31	734	0.717226
31	432	0.716996
27	891	0.716968
31	603	0.716925
26	442	0.716841
31	742	0.716512
23	401	0.716195
39	562	0.716144
31	761	0.715988
27	737	0.715590
22	723	0.715551
39	181	0.715541
2	64	0.715472
2	982	0.714927
32	898	0.714598
31	562	0.714579
31	251	0.714435
37	796	0.713989
39	266	0.713899
13	423	0.713509
14	119	0.713456
14	587	0.713304
31	719	0.713243
24	535	0.712904
22	907	0.712852
39	211	0.712019
14	535	0.711919
21	855	0.711883
20	538	0.711879
27	672	0.711845
32	432	0.711729
11	505	0.711635
13	979	0.711588
32	386	0.711444
27	919	0.710814
28	423	0.710757
31	843	0.710632
24	477	0.710586
21	346	0.710415
31	921	0.710115
20	802	0.709674
31	643	0.709576
37	574	0.709344
23	579	0.709275
26	668	0.709235
26	962	0.709214
23	753	0.708916
13	890	0.708660
24	259	0.708625
31	739	0.708495
21	673	0.708350
27	700	0.708321
39	531	0.707645
13	976	0.707521
31	668	0.707457
11	454	0.707440
8	230	0.707321
27	660	0.707239
27	837	0.707184
13	905	0.706814
24	48	0.706063
24	562	0.706039
31	236	0.705981
24	883	0.705922
31	676	0.705905
23	863	0.705713
24	862	0.705518
20	786	0.705447
13	568	0.705296
28	747	0.704693
32	782	0.704196
36	793	0.704079
31	490	0.703647
31	656	0.703562
20	230	0.703224
20	414	0.702691
24	570	0.702135
31	548	0.701563
27	629	0.701519
23	454	0.701418
20	761	0.701380
14	686	0.701102
5	257	0.701005
23	485	0.700942
39	256	0.700730
13	600	0.700728
24	898	0.700620
13	980	0.700128
32	233	0.700025
26	439	0.699903
39	541	0.699802
36	509	0.698659
23	837	0.698633
25	980	0.698600
24	859	0.698524
31	717	0.698110
5	796	0.697919
27	611	0.697844
11	898	0.697305
21	676	0.697229
31	386	0.697044
31	538	0.696654
32	743	0.696471
26	205	0.696368
13	919	0.695991
14	810	0.695943
5	974	0.695723
36	545	0.695596
36	971	0.695542
39	820	0.695373
10	963	0.694902
27	835	0.694842
27	980	0.694787
24	340	0.694714
26	454	0.694600
24	893	0.694421
39	153	0.694254
24	921	0.694149
31	461	0.694083
31	346	0.694076
24	671	0.693964
39	621	0.693688
23	698	0.693628
37	233	0.693407
14	800	0.693026
29	763	0.692566
40	469	0.692315
31	986	0.692224
25	665	0.692215
11	543	0.692037
32	967	0.691873
31	418	0.691848
5	668	0.691822
25	541	0.691804
24	402	0.691411
31	402	0.691352
40	541	0.690918
26	855	0.690863
24	964	0.690059
26	464	0.689943
11	974	0.689870
24	901	0.689657
2	181	0.689468
27	782	0.688420
39	219	0.688348
27	643	0.688259
21	340	0.688120
24	568	0.687839
23	793	0.687709
16	599	0.687635
24	676	0.687586
32	842	0.687534
2	219	0.686732
27	414	0.686150
31	492	0.686150
40	476	0.686053
29	401	0.686042
27	723	0.685498
27	389	0.685492
24	439	0.685438
23	530	0.685197
23	907	0.685164
13	611	0.685162
20	753	0.685155
23	551	0.684780
27	694	0.684616
39	423	0.684457
24	446	0.684425
24	828	0.684274
23	100	0.683962
13	838	0.683670
11	906	0.683636
31	450	0.683585
26	800	0.683512
23	559	0.683237
31	405	0.682955
31	752	0.682676
14	971	0.682153
31	964	0.681903
36	461	0.681830
31	600	0.681783
24	842	0.681719
22	763	0.681380
24	852	0.681207
14	855	0.681058
39	537	0.680666
29	796	0.680513
30	863	0.680085
27	568	0.680017
14	780	0.678993
26	979	0.678925
39	717	0.678911
14	578	0.678824
27	909	0.678822
31	487	0.678801
28	521	0.678606
27	404	0.677994
14	286	0.677911
23	471	0.677303
13	612	0.677184
31	666	0.677136
31	48	0.676773
26	509	0.676746
24	924	0.676357
25	596	0.676088
24	984	0.676048
2	561	0.675818
27	906	0.675576
31	830	0.675554
31	230	0.675550
28	568	0.675237
2	256	0.675074
22	690	0.674954
23	611	0.674730
24	596	0.674430
37	871	0.674126
31	542	0.673972
36	473	0.673819
24	837	0.673780
28	982	0.673751
24	783	0.673285
24	488	0.673006
14	982	0.672738
37	656	0.672686
31	539	0.672655
27	753	0.672314
40	595	0.671219
23	652	0.671136
14	531	0.671070
11	163	0.671028
27	422	0.670858
31	469	0.670664
23	739	0.670526
32	208	0.670501
14	411	0.670501
23	434	0.670005
24	665	0.669831
39	719	0.669092
27	907	0.668919
28	743	0.668796
30	982	0.668528
13	739	0.668414
31	848	0.668274
23	906	0.668200
31	792	0.668108
24	648	0.668097
17	871	0.667911
5	543	0.667894
32	494	0.667862
32	672	0.667851
14	612	0.667820
23	832	0.667590
24	509	0.667494
13	530	0.667435
17	422	0.667231
10	568	0.667030
13	962	0.667022
13	751	0.666654
13	882	0.666494
31	579	0.666141
31	671	0.666086
27	693	0.666021
14	153	0.666015
10	739	0.665756
39	786	0.665700
10	580	0.665505
24	386	0.665097
31	818	0.665077
2	536	0.665004
23	653	0.664966
31	252	0.664834
13	603	0.664816
10	509	0.664654
24	236	0.664483
14	752	0.664210
31	622	0.663641
39	835	0.663522
22	581	0.663517
26	582	0.663325
26	531	0.663046
31	700	0.662875
31	844	0.662740
39	64	0.661620
24	781	0.661432
36	346	0.661370
13	547	0.660964
8	981	0.660858
13	913	0.660777
40	848	0.660659
23	964	0.660130
24	414	0.659828
24	209	0.659792
8	673	0.659680
32	608	0.659607
24	578	0.659578
31	680	0.659134
16	907	0.658584
14	820	0.658358
13	832	0.658198
28	551	0.657965
27	148	0.657628
31	512	0.657613
23	490	0.657138
26	971	0.656922
24	843	0.656833
27	977	0.656489
13	476	0.656442
27	668	0.656395
17	676	0.656099
31	473	0.654816
25	533	0.654634
26	575	0.654387
27	563	0.653977
24	460	0.653295
36	402	0.652922
31	537	0.652629
24	516	0.652269
23	535	0.652258
11	962	0.652104
13	460	0.651849
31	296	0.651444
29	599	0.651035
24	492	0.650785
14	983	0.650757
27	653	0.650663
39	806	0.650533
24	471	0.650454
39	470	0.650154
24	609	0.650098
32	820	0.649623
31	421	0.649553
8	354	0.649468
37	674	0.649462
10	563	0.649411
39	672	0.649395
26	698	0.649360
25	694	0.649279
39	754	0.648889
32	973	0.648634
27	786	0.648251
24	765	0.647725
14	180	0.647383
24	421	0.647220
14	830	0.647113
26	672	0.646969
23	346	0.646934
39	603	0.646905
2	413	0.646678
27	806	0.646598
32	983	0.646574
8	734	0.646287
23	979	0.645591
37	761	0.645554
23	596	0.645334
27	843	0.645306
27	689	0.645049
27	731	0.644899
20	561	0.644799
24	974	0.644646
27	2	0.644312
24	454	0.644310
39	702	0.644165
10	737	0.644109
5	625	0.644075
2	354	0.643563
39	913	0.643155
31	477	0.642879
39	652	0.642796
29	477	0.642793
31	541	0.642078
24	976	0.641588
28	810	0.641586
39	154	0.641464
5	531	0.641315
40	897	0.640922
27	734	0.640655
39	971	0.640497
14	401	0.640397
21	753	0.640271
23	460	0.640217
13	652	0.640208
22	668	0.640065
2	401	0.639907
27	603	0.639863
39	671	0.639772
2	549	0.639185
24	389	0.639040
31	131	0.638662
8	264	0.638658
23	608	0.638567
24	449	0.638515
24	224	0.638407
27	487	0.638375
24	230	0.638285
22	700	0.638247
13	514	0.638052
32	181	0.638031
13	977	0.637463
37	984	0.637452
20	578	0.637356
23	924	0.637125
24	527	0.636951
36	625	0.636831
32	224	0.636785
13	906	0.636777
23	542	0.635843
11	460	0.635681
25	967	0.635490
13	542	0.635438
29	541	0.635396
13	800	0.635232
30	531	0.634917
27	423	0.634851
31	255	0.634823
25	883	0.634725
25	982	0.634672
39	891	0.634479
13	643	0.633980
29	414	0.633853
17	832	0.633849
21	747	0.633421
36	492	0.633418
13	698	0.633361
39	611	0.633093
28	682	0.633043
27	673	0.632833
8	549	0.632589
24	897	0.632504
23	666	0.632214
24	296	0.631221
24	442	0.631009
23	207	0.630805
23	820	0.630676
39	761	0.630601
39	444	0.630378
31	883	0.630188
31	583	0.629667
13	793	0.629454
11	820	0.629022
23	859	0.628863
25	855	0.628731
24	495	0.628530
32	971	0.628349
11	810	0.628207
31	264	0.628033
10	603	0.627962
27	542	0.627633
24	580	0.627583
24	693	0.627556
24	792	0.627370
31	802	0.626930
13	436	0.626873
32	516	0.626627
23	488	0.626414
26	455	0.626161
17	568	0.626103
13	536	0.625776
31	430	0.625490
2	582	0.625428
27	505	0.625390
27	547	0.625209
31	596	0.625185
28	890	0.625012
27	652	0.624873
22	473	0.624757
37	782	0.624650
2	530	0.624574
23	464	0.624530
39	983	0.624460
24	660	0.624392
23	480	0.624250
23	405	0.624075
32	543	0.623715
13	893	0.623657
37	434	0.623653
28	559	0.623544
23	246	0.623406
24	2	0.623397
24	830	0.623266
23	516	0.623114
32	742	0.622636
13	551	0.622472
24	541	0.622446
27	981	0.622313
32	609	0.622160
36	666	0.621985
31	612	0.621273
31	852	0.621246
31	233	0.620805
10	543	0.620712
32	909	0.620701
10	694	0.620680
36	837	0.620635
32	838	0.620499
10	980	0.620467
13	859	0.620263
23	981	0.620201
23	154	0.620158
13	535	0.620087
14	563	0.619825
37	490	0.619765
14	689	0.619763
39	561	0.619584
13	837	0.619540
40	473	0.619239
39	753	0.619119
39	88	0.619060
11	340	0.618882
36	694	0.618789
24	131	0.618373
2	740	0.618280
13	693	0.617988
13	461	0.617450
20	694	0.617157
23	414	0.617114
24	464	0.617073
26	835	0.617056
39	837	0.616997
21	386	0.616680
39	676	0.616516
13	868	0.616451
11	982	0.616363
31	689	0.616072
26	476	0.615987
26	723	0.615798
10	871	0.615792
24	346	0.615738
24	537	0.615676
8	574	0.615623
24	608	0.615543
27	460	0.615338
13	719	0.615236
17	530	0.615127
32	476	0.614369
5	561	0.614299
23	340	0.613810
27	461	0.613451
13	782	0.613196
14	763	0.612974
14	891	0.612935
39	919	0.612855
13	244	0.612658
27	492	0.612432
31	581	0.611521
37	460	0.611471
13	694	0.611458
39	905	0.611394
20	924	0.611133
26	401	0.611043
2	891	0.610932
27	535	0.610859
8	810	0.610750
24	962	0.610702
39	413	0.610571
20	877	0.610270
37	657	0.609983
31	423	0.609924
26	976	0.609849
13	924	0.609831
5	971	0.609716
2	783	0.609669
22	622	0.609559
29	209	0.609309
26	219	0.609297
14	562	0.609096
20	871	0.609066
14	786	0.608784
27	702	0.608301
39	563	0.608073
24	208	0.607530
31	209	0.607168
24	754	0.607007
14	907	0.606878
26	595	0.606708
40	979	0.606446
32	676	0.606144
13	656	0.605983
17	643	0.605919
17	551	0.605751
28	495	0.605086
28	656	0.605040
24	470	0.604999
8	389	0.604957
21	566	0.604830
32	979	0.604495
29	971	0.604333
5	843	0.604322
25	844	0.604048
24	405	0.604038
37	621	0.603930
28	446	0.603558
31	485	0.603210
24	863	0.602957
23	568	0.602766
39	568	0.602528
27	501	0.602381
13	526	0.602369
39	542	0.602046
17	981	0.601841
24	437	0.601776
10	723	0.601752
40	745	0.601518
31	521	0.601344
24	514	0.601004
23	509	0.600847
29	700	0.600145
27	526	0.600012
37	737	0.599947
23	583	0.599937
22	702	0.599714
32	259	0.599450
20	439	0.599088
13	282	0.599013
13	783	0.598903
23	843	0.598568
24	238	0.598108
11	855	0.597852
8	974	0.597758
39	460	0.597681
40	843	0.597554
27	441	0.597535
14	599	0.597411
21	796	0.597314
27	852	0.597310
11	530	0.597305
24	747	0.597289
23	838	0.597167
27	699	0.596922
23	514	0.596411
23	389	0.595799
29	843	0.595237
27	877	0.595209
23	754	0.595200
23	492	0.595109
26	702	0.594861
11	531	0.594840
24	512	0.594693
31	686	0.594429
14	561	0.593913
32	852	0.593901
23	747	0.593749
26	863	0.593342
24	423	0.593120
13	686	0.592747
14	863	0.592618
23	374	0.592532
39	100	0.591799
21	562	0.591777
11	673	0.591593
31	143	0.591367
29	740	0.590709
39	843	0.590618
24	155	0.590579
17	793	0.590546
22	608	0.590532
40	674	0.590378
24	999	0.589220
23	296	0.589101
22	230	0.588872
24	181	0.588764
13	501	0.588632
23	609	0.588598
24	743	0.588580
23	765	0.588375
13	575	0.588297
13	806	0.588158
23	432	0.587894
24	432	0.587797
39	538	0.587595
21	556	0.587559
11	782	0.587189
31	547	0.587183
21	921	0.587098
31	495	0.587062
25	512	0.586582
13	871	0.586186
26	909	0.585458
14	461	0.585349
26	783	0.584986
22	492	0.584600
23	259	0.584166
31	595	0.583998
24	617	0.583760
24	282	0.583186
13	386	0.582795
32	848	0.582479
21	974	0.582319
21	476	0.582122
24	413	0.582103
24	521	0.582058
23	423	0.581825
32	976	0.581790
13	439	0.581611
14	835	0.581325
28	686	0.581264
31	587	0.581069
31	519	0.580973
26	148	0.580949
13	862	0.580227
32	786	0.579817
32	157	0.579498
31	871	0.579424
37	973	0.579319
21	422	0.578835
21	740	0.578815
13	495	0.578705
32	583	0.578664
13	737	0.578488
2	509	0.578360
39	802	0.578121
22	527	0.578055
31	514	0.577873
27	241	0.577848
2	694	0.577780
40	556	0.577383
31	793	0.577232
27	842	0.577117
23	862	0.577095
39	737	0.576902
13	286	0.576417
37	402	0.576261
26	796	0.575945
23	984	0.575422
13	877	0.575242
5	740	0.575086
23	830	0.574892
29	469	0.574665
13	765	0.574401
40	719	0.574294
14	581	0.574068
37	672	0.574010
25	792	0.573962
25	477	0.573773
23	783	0.573671
10	439	0.573425
31	780	0.573419
24	186	0.572394
14	882	0.572119
37	982	0.572100
13	844	0.571513
14	843	0.571497
2	717	0.571418
24	682	0.571314
24	473	0.571291
24	157	0.571135
13	340	0.570949
39	476	0.570843
8	282	0.570842
14	207	0.570610
17	471	0.570568
8	587	0.570496
11	830	0.570434
39	612	0.570263
37	488	0.570150
11	832	0.570125
32	671	0.570094
27	656	0.569874
30	973	0.569873
23	621	0.569816
24	600	0.569709
32	163	0.569546
11	233	0.569451
28	660	0.569353
8	906	0.569079
24	780	0.568922
11	979	0.568740
23	622	0.568619
23	717	0.568607
39	739	0.568383
2	666	0.568285
8	747	0.568179
23	449	0.568173
40	671	0.568021
39	882	0.567756
23	310	0.567606
23	835	0.567543
14	537	0.567160
2	963	0.566967
13	596	0.566823
13	422	0.566531
39	354	0.566333
21	537	0.566174
23	422	0.566141
29	559	0.565600
31	527	0.565385
37	509	0.564909
27	578	0.564844
31	219	0.564800
27	473	0.564716
5	252	0.564599
2	763	0.564385
32	981	0.564356
25	671	0.564318
31	599	0.564263
39	251	0.564166
32	891	0.564149
31	621	0.563719
13	818	0.563718
20	844	0.563686
27	754	0.563534
24	548	0.563427
5	514	0.563188
23	211	0.562833
31	577	0.562286
24	581	0.562203
23	734	0.561916
10	2	0.561571
8	796	0.561544
17	820	0.560731
21	982	0.560566
26	973	0.560161
23	541	0.560008
31	543	0.559919
37	386	0.559821
23	470	0.559337
13	842	0.559108
39	818	0.558948
26	340	0.558746
24	354	0.558575
13	653	0.558451
23	689	0.557156
28	832	0.556624
36	673	0.556464
27	844	0.556440
29	603	0.555897
8	682	0.555815
40	782	0.555374
25	693	0.555024
25	470	0.554874
37	693	0.554266
13	622	0.554255
14	530	0.554098
13	983	0.553741
26	434	0.553585
22	694	0.552980
31	163	0.552794
27	562	0.552640
40	752	0.551932
27	490	0.551859
31	154	0.551552
11	924	0.551539
39	906	0.551330
40	531	0.551007
39	907	0.550916
26	905	0.550663
23	543	0.550242
32	708	0.550231
24	559	0.550114
26	786	0.550079
32	449	0.549720
10	891	0.549492
13	411	0.549403
26	737	0.549350
36	906	0.549097
39	723	0.549016
23	887	0.548966
27	559	0.548964
24	680	0.548869
28	883	0.548620
23	495	0.548558
5	913	0.548407
5	782	0.548018
37	543	0.547791
36	740	0.547668
8	976	0.547113
26	538	0.547040
39	782	0.546825
37	531	0.546796
13	883	0.545831
31	119	0.545595
14	611	0.545307
10	905	0.545205
31	470	0.545114
2	907	0.545032
26	437	0.543595
24	556	0.543590
26	536	0.543369
8	477	0.543284
37	754	0.543133
8	410	0.543101
17	723	0.542290
36	871	0.542027
24	583	0.541338
20	403	0.541112
32	974	0.540584
31	578	0.539950
2	651	0.539915
8	531	0.539591
23	236	0.539284
32	897	0.538975
25	897	0.538572
30	981	0.538489
24	526	0.538426
32	761	0.538421
14	913	0.538289
22	852	0.537798
39	698	0.537491
24	621	0.537263
29	983	0.536632
31	410	0.536534
13	673	0.535867
39	535	0.535737
31	887	0.535515
39	583	0.535469
13	346	0.535396
13	897	0.535163
27	893	0.535131
5	651	0.534869
40	740	0.534508
31	216	0.534398
14	806	0.534350
13	527	0.533990
14	901	0.532662
31	549	0.532614
27	580	0.532564
25	717	0.532284
29	538	0.530996
25	531	0.530669
31	708	0.530639
2	786	0.530337
11	676	0.529581
39	599	0.529500
39	492	0.528984
22	863	0.528750
26	480	0.528225
11	436	0.527946
21	657	0.526654
32	439	0.526531
32	148	0.526508
39	163	0.526437
11	863	0.525829
27	802	0.525633
32	745	0.525480
14	837	0.525337
27	516	0.525234
11	877	0.524995
14	883	0.524982
27	743	0.524794
13	522	0.524724
31	698	0.524237
23	230	0.523987
31	580	0.523981
8	740	0.523932
32	652	0.523871
27	464	0.523713
24	422	0.523633
39	527	0.523380
13	702	0.523164
39	119	0.523142
36	747	0.522863
31	890	0.522584
24	216	0.522092
39	436	0.521882
23	477	0.521836
28	259	0.521657
2	48	0.521644
24	751	0.521526
23	643	0.521345
23	603	0.520419
26	354	0.520189
32	648	0.519740
11	980	0.519575
14	832	0.519328
24	248	0.518413
8	568	0.518166
27	581	0.516536
31	403	0.516320
39	844	0.515921
25	537	0.515521
27	974	0.515385
13	521	0.515318
13	538	0.515311
22	574	0.515246
26	924	0.515123
27	191	0.515089
27	674	0.514777
23	962	0.514659
8	404	0.514298
10	538	0.514005
11	800	0.513741
28	621	0.513740
13	516	0.513617
2	414	0.513286
23	828	0.513164
2	986	0.513134
32	528	0.513085
22	753	0.512180
23	528	0.511535
8	964	0.511471
26	921	0.511396
31	197	0.511197
25	820	0.511037
32	460	0.510677
39	414	0.510613
26	528	0.509779
2	806	0.509493
23	194	0.509465
29	519	0.509411
28	913	0.509360
23	191	0.509095
27	421	0.508745
10	977	0.508736
28	439	0.508575
2	723	0.508445
29	984	0.507765
23	563	0.507679
25	473	0.507674
27	761	0.507398
25	657	0.507168
32	832	0.506920
24	64	0.506851
27	905	0.506705
13	579	0.506459
13	296	0.506379
20	734	0.506176
8	702	0.505882
23	219	0.505632
24	731	0.505402
27	175	0.505074
25	973	0.504910
24	148	0.504759
31	389	0.504582
5	835	0.504575
25	765	0.504524
28	967	0.504237
2	868	0.504196
40	818	0.503905
26	867	0.503339
8	913	0.502853
32	753	0.502687
28	984	0.502562
31	501	0.502520
27	340	0.502097
8	259	0.501875
11	501	0.501841
39	893	0.501709
23	671	0.501641
11	672	0.501177
13	487	0.500829
39	157	0.500791
13	984	0.500754
28	979	0.500510
25	421	0.499811
26	561	0.499345
23	522	0.499341
2	476	0.499279
5	672	0.498435
27	543	0.498235
5	224	0.498078
20	700	0.498006
23	545	0.498002
14	434	0.497902
23	898	0.497501
24	162	0.497111
23	676	0.496735
23	88	0.496678
23	574	0.496572
39	700	0.496390
21	404	0.495604
24	818	0.495537
32	657	0.494217
32	236	0.494100
14	422	0.493278
31	900	0.493189
39	196	0.493157
20	643	0.492996
13	154	0.492217
24	737	0.492153
2	980	0.492066
23	699	0.491738
23	893	0.491653
13	898	0.491531
8	737	0.491433
11	981	0.491203
14	782	0.491031
24	653	0.490933
13	471	0.490890
13	454	0.490841
28	611	0.490804
14	527	0.489478
27	575	0.489476
14	963	0.488504
23	436	0.488342
26	414	0.488213
31	224	0.488105
2	905	0.488027
23	469	0.487908
24	668	0.487688
39	832	0.487646
21	852	0.487259
26	224	0.487093
22	547	0.486889
32	907	0.486866
39	783	0.486219
24	197	0.486184
13	609	0.486022
24	577	0.485999
8	837	0.485992
31	897	0.485784
27	921	0.485365
23	446	0.485259
22	855	0.484752
2	693	0.484092
13	470	0.483559
5	346	0.483192
28	796	0.482989
40	450	0.481912
2	148	0.481667
39	608	0.481469
27	745	0.481206
37	476	0.481064
23	549	0.479742
26	346	0.479693
26	612	0.479586
20	652	0.479449
14	793	0.479440
27	752	0.478824
24	871	0.478687
27	469	0.478376
21	800	0.478341
27	155	0.477632
8	476	0.477629
25	786	0.477438
28	580	0.477359
29	967	0.477355
26	843	0.477326
31	745	0.477163
26	422	0.477032
23	582	0.476057
29	806	0.475834
23	562	0.475668
11	859	0.475299
29	835	0.474891
8	690	0.474791
27	625	0.474379
37	471	0.474135
14	962	0.474101
29	490	0.473704
22	973	0.473671
14	828	0.473487
23	761	0.473220
26	913	0.473157
31	969	0.472706
29	423	0.472683
23	999	0.472260
40	868	0.472048
13	666	0.472000
25	689	0.471818
8	599	0.471374
39	505	0.471342
26	460	0.470913
10	423	0.470626
39	780	0.470563
28	668	0.470426
26	765	0.470393
27	587	0.470292
27	405	0.470163
8	612	0.470121
26	852	0.469529
21	828	0.469256
40	401	0.469226
13	581	0.468940
27	657	0.467224
24	264	0.466729
23	648	0.466548
31	885	0.466045
40	694	0.466016
32	651	0.465851
39	655	0.465658
26	734	0.465627
23	284	0.465386
31	348	0.465105
26	471	0.464232
13	621	0.464005
39	257	0.463922
40	753	0.463890
24	545	0.463885
39	516	0.463770
24	411	0.463732
24	211	0.463496
29	747	0.463123
24	595	0.462783
5	690	0.461989
23	796	0.461383
5	286	0.461359
23	867	0.460956
28	531	0.460701
27	439	0.460426
39	488	0.459986
24	844	0.459781
8	905	0.459344
28	907	0.458972
36	919	0.458810
32	509	0.458217
39	924	0.458048
23	442	0.458038
26	547	0.457876
24	9	0.457846
11	386	0.457654
26	527	0.457390
22	800	0.456472
14	702	0.456452
13	224	0.456401
24	196	0.456300
2	389	0.456195
8	882	0.455978
37	855	0.455638
24	832	0.454891
25	580	0.454799
28	672	0.454745
23	723	0.454212
13	671	0.453949
39	743	0.453718
28	403	0.453708
27	495	0.453473
39	579	0.453318
39	487	0.453271
26	599	0.452211
32	882	0.452167
11	835	0.452113
8	763	0.451626
31	249	0.450724
37	976	0.450434
23	570	0.450209
26	48	0.449947
10	700	0.449646
27	154	0.449616
23	802	0.449270
5	612	0.449147
23	974	0.449077
39	551	0.448339
27	477	0.448191
2	599	0.447775
28	897	0.447656
32	473	0.447457
29	976	0.447425
39	2	0.447376
14	536	0.447359
26	648	0.447304
28	454	0.447131
24	153	0.447003
2	810	0.446969
28	570	0.446889
27	519	0.446699
28	530	0.446604
23	286	0.446527
26	403	0.446173
14	747	0.446082
28	401	0.445996
24	539	0.445840
39	180	0.445833
32	737	0.445726
24	717	0.445539
14	973	0.445351
27	411	0.445240
27	100	0.445092
40	863	0.444909
26	919	0.444659
40	855	0.444190
14	672	0.443715
24	538	0.443645
24	967	0.443549
22	656	0.443523
27	224	0.442589
17	737	0.442528
2	522	0.442328
28	765	0.442249
23	266	0.441891
31	284	0.441613
13	742	0.441384
5	621	0.441282
23	752	0.441062
24	496	0.441049
23	792	0.440422
39	629	0.440194
37	800	0.440133
20	855	0.440004
32	464	0.439884
2	603	0.439215
31	208	0.439027
26	893	0.438751
23	244	0.438642
31	155	0.438060
27	800	0.438017
22	599	0.437908
8	469	0.437537
8	346	0.436972
39	401	0.436793
24	980	0.436541
28	973	0.436480
27	430	0.435640
23	745	0.435596
14	754	0.435388
39	501	0.435250
2	643	0.434357
39	673	0.433855
37	673	0.433491
40	983	0.433206
23	206	0.433078
5	984	0.432616
13	48	0.432609
36	844	0.432147
23	897	0.431912
24	267	0.431371
22	434	0.430795
36	868	0.430554
13	921	0.430444
39	490	0.429603
24	890	0.429593
31	608	0.428421
26	643	0.428091
14	514	0.427985
23	668	0.427524
31	259	0.427205
26	423	0.427002
27	871	0.426925
5	418	0.426736
23	852	0.426552
23	660	0.426527
14	471	0.426520
31	536	0.426236
27	742	0.425759
13	802	0.425672
23	673	0.425577
13	700	0.425355
10	611	0.425051
37	786	0.424845
32	622	0.424733
31	655	0.424521
23	153	0.424435
23	625	0.423931
14	538	0.423680
14	450	0.423563
14	765	0.423308
5	405	0.422827
11	723	0.422745
21	439	0.422634
27	698	0.422267
24	469	0.421926
27	671	0.421884
25	450	0.421779
27	963	0.421249
21	737	0.420261
23	883	0.420003
28	561	0.419969
22	782	0.419734
40	796	0.419606
2	568	0.419535
5	643	0.419475
24	416	0.419254
27	747	0.419238
2	983	0.419175
27	533	0.419109
24	124	0.418947
23	877	0.418610
32	747	0.418598
24	251	0.418403
24	233	0.417620
27	252	0.417400
24	867	0.417047
26	887	0.416947
31	867	0.416287
26	579	0.416146
24	266	0.416114
39	578	0.415760
40	982	0.414698
8	519	0.414168
24	531	0.413979
13	539	0.413806
32	403	0.413412
23	209	0.412834
39	556	0.412518
24	657	0.412089
24	674	0.412021
27	450	0.411250
39	545	0.411037
13	95	0.410927
5	898	0.410855
11	913	0.410615
23	64	0.410473
21	891	0.410459
37	698	0.410446
28	983	0.410248
13	665	0.410246
32	450	0.409816
5	905	0.409771
27	556	0.409301
39	421	0.409182
5	562	0.408655
13	754	0.408636
23	800	0.408614
14	252	0.408490
31	175	0.408401
26	983	0.408370
14	651	0.408366
27	719	0.408341
13	219	0.408248
27	792	0.407305
23	629	0.407131
23	743	0.407044
13	828	0.406757
29	556	0.406581
14	236	0.406449
2	652	0.406166
31	974	0.406094
31	411	0.405552
24	656	0.405338
27	233	0.405299
8	538	0.404922
13	676	0.404076
31	441	0.404074
27	197	0.403815
31	100	0.403494
24	690	0.402970
39	686	0.402502
23	533	0.402411
31	196	0.402062
31	625	0.402007
27	595	0.401961
5	527	0.401513
32	581	0.401031
14	547	0.400655
23	656	0.400594
39	666	0.400503
27	545	0.400068
28	622	0.400001
2	863	0.399968
39	871	0.399912
2	690	0.399864
23	248	0.399595
26	236	0.399450
13	967	0.398829
24	494	0.398031
5	436	0.397819
23	921	0.397501
26	806	0.397244
26	521	0.396449
37	561	0.396345
2	668	0.396307
23	578	0.395237
32	859	0.395121
11	963	0.395073
37	983	0.394622
27	898	0.394507
10	183	0.394451
23	680	0.394422
29	402	0.393838
32	653	0.393648
24	246	0.393549
31	133	0.393435
23	439	0.393084
14	2	0.392894
24	88	0.392835
39	643	0.392769
5	671	0.392326
11	666	0.391850
24	763	0.391748
24	522	0.391574
36	905	0.390536
31	257	0.390404
39	477	0.390354
20	852	0.390266
25	802	0.389999
11	622	0.389922
23	682	0.389908
23	690	0.389728
24	666	0.389445
39	473	0.389037
37	439	0.388702
13	578	0.388601
32	673	0.388491
31	496	0.388431
24	977	0.388346
28	963	0.388323
21	599	0.387929
31	437	0.387901
5	737	0.387179
37	653	0.386883
40	723	0.386844
24	410	0.386779
23	526	0.386656
13	792	0.386567
32	414	0.386526
14	668	0.385518
39	575	0.385389
28	976	0.385092
5	761	0.384847
25	909	0.384777
2	837	0.384369
14	673	0.384347
13	533	0.383858
39	526	0.383612
24	582	0.383096
31	194	0.383057
29	531	0.382944
40	820	0.382874
23	693	0.382772
14	877	0.382663
24	838	0.382040
24	868	0.382027
23	700	0.382023
13	432	0.381920
14	487	0.381048
11	561	0.380715
32	863	0.380573
2	835	0.380430
27	890	0.379989
31	401	0.379297
8	983	0.379272
21	782	0.379046
31	690	0.379026
23	437	0.378918
13	731	0.378743
17	855	0.378484
25	2	0.377240
39	648	0.377178
2	832	0.377073
23	410	0.377001
24	761	0.376999
32	547	0.376976
14	852	0.376906
13	541	0.376770
13	907	0.376528
27	665	0.376415
39	581	0.376167
27	346	0.376069
32	980	0.375929
2	612	0.375504
37	877	0.375454
32	844	0.375436
23	9	0.375289
27	454	0.375205
37	980	0.374804
32	574	0.374497
32	434	0.374478
14	603	0.374449
11	693	0.374401
25	868	0.374041
31	694	0.373810
2	793	0.373614
23	181	0.373548
26	674	0.373406
23	487	0.373389
31	416	0.373012
27	522	0.372682
23	224	0.372489
26	676	0.372210
23	580	0.371834
39	580	0.370947
36	643	0.370507
37	740	0.370440
11	973	0.369876
31	575	0.369730
39	694	0.369708
24	434	0.369547
23	505	0.369391
32	921	0.369366
24	800	0.369317
32	402	0.369058
24	549	0.368591
2	871	0.368551
31	286	0.368183
13	848	0.367954
26	739	0.367949
39	897	0.367330
5	421	0.367052
13	780	0.367024
23	157	0.366991
32	570	0.366620
14	924	0.366519
24	542	0.366448
23	694	0.366080
21	844	0.365941
13	414	0.365536
13	505	0.365491
24	255	0.364495
24	694	0.364473
31	157	0.364242
2	747	0.363400
2	919	0.363323
37	962	0.363246
23	386	0.362946
2	563	0.362837
14	783	0.362786
8	843	0.362768
2	154	0.362716
14	566	0.361831
2	566	0.361801
24	154	0.361286
14	723	0.361094
39	233	0.360652
24	487	0.360479
11	739	0.360458
24	505	0.360152
40	561	0.360023
13	708	0.359838
31	246	0.359766
26	461	0.359701
32	531	0.359120
24	243	0.358407
22	979	0.357900
25	526	0.357649
26	682	0.357630
21	871	0.357532
26	673	0.357435
32	893	0.357409
17	979	0.357298
13	537	0.357140
8	490	0.357132
10	906	0.357072
37	971	0.357016
14	796	0.356872
23	519	0.356414
29	906	0.355933
23	257	0.355538
14	542	0.355449
32	913	0.355221
32	603	0.353778
39	852	0.353530
11	599	0.353386
31	248	0.353075
24	810	0.353043
31	33	0.353009
28	806	0.352888
26	699	0.352654
39	693	0.352353
32	802	0.352005
26	977	0.351895
31	898	0.351613
13	852	0.350895
8	786	0.350801
24	450	0.350282
27	436	0.350237
22	913	0.349694
24	205	0.349369
11	423	0.349138
23	348	0.349007
24	175	0.348749
24	33	0.348666
2	495	0.348531
26	2	0.347984
14	700	0.347482
26	404	0.347382
2	286	0.347328
37	844	0.346194
39	868	0.346043
11	828	0.346012
36	753	0.345940
23	186	0.345569
10	476	0.344046
8	579	0.343381
10	401	0.342586
37	783	0.342257
39	665	0.342184
2	574	0.341944
14	608	0.341888
39	668	0.340620
17	835	0.340391
13	519	0.339940
24	219	0.339752
31	859	0.339418
39	653	0.339291
5	909	0.339106
23	473	0.338861
27	717	0.338810
8	501	0.338709
23	256	0.338661
14	423	0.338179
31	454	0.338178
11	611	0.337654
13	15	0.337652
39	974	0.337488
24	700	0.337439
36	973	0.337101
27	434	0.336676
13	566	0.336503
22	414	0.336137
26	603	0.335188
23	810	0.335144
11	694	0.334886
26	802	0.334826
26	533	0.334204
10	796	0.334120
22	538	0.333883
8	835	0.333846
39	862	0.333609
39	131	0.333594
27	566	0.332952
39	148	0.332707
20	603	0.332623
14	871	0.331406
36	423	0.331183
39	574	0.330951
24	566	0.330583
40	700	0.330176
28	737	0.330145
36	855	0.329943
39	984	0.329884
23	430	0.329784
36	471	0.329764
26	652	0.329736
8	700	0.329693
13	556	0.329390
13	835	0.329277
22	835	0.329190
21	723	0.328887
13	577	0.328800
37	863	0.328554
32	818	0.328386
27	570	0.327491
20	723	0.327380
25	702	0.327148
32	423	0.327100
23	577	0.326994
29	668	0.326948
25	843	0.326632
31	310	0.326206
23	818	0.326153
11	346	0.325953
39	921	0.325737
39	793	0.325718
11	471	0.325697
24	885	0.325623
27	690	0.325573
13	699	0.325541
13	543	0.325163
31	533	0.325160
39	909	0.325150
5	806	0.325143
39	434	0.325092
20	981	0.324971
20	820	0.324715
26	883	0.324558
22	971	0.324216
24	286	0.324100
28	855	0.324088
23	208	0.324082
13	485	0.323975
39	877	0.323248
24	100	0.323166
28	837	0.322988
39	296	0.322457
39	411	0.322283
13	410	0.321853
24	536	0.321715
13	413	0.321388
27	551	0.321147
23	494	0.320911
31	480	0.320687
2	984	0.320447
28	599	0.320361
31	651	0.319821
23	264	0.319642
14	737	0.319627
22	796	0.319597
23	780	0.319244
13	587	0.318905
39	969	0.318619
22	734	0.318559
23	913	0.318288
39	286	0.318273
5	476	0.318028
5	422	0.317915
31	800	0.317801
24	655	0.317743
32	699	0.317596
13	810	0.317499
13	209	0.317110
37	700	0.317069
23	131	0.317039
26	622	0.316957
27	196	0.316957
8	848	0.316797
26	625	0.316761
27	622	0.316230
23	205	0.316126
40	907	0.316094
22	868	0.316039
24	629	0.315306
32	665	0.315289
26	859	0.315209
24	404	0.315075
23	842	0.315033
27	267	0.314571
24	295	0.314425
36	148	0.314122
8	668	0.313228
26	963	0.313136
39	763	0.313053
13	33	0.312520
31	455	0.312409
31	181	0.312206
24	191	0.312178
11	753	0.311879
2	2	0.311613
39	282	0.311562
21	668	0.311552
28	981	0.311070
2	973	0.310939
23	556	0.310753
27	783	0.310753
32	612	0.310717
36	979	0.310487
2	535	0.310413
26	818	0.309825
40	844	0.309667
13	562	0.309372
2	852	0.308857
31	282	0.308629
37	907	0.308554
24	887	0.308511
23	980	0.308114
36	891	0.307844
26	512	0.307776
27	418	0.307378
40	977	0.307283
24	651	0.307223
5	652	0.306895
28	843	0.306893
26	837	0.306704
13	494	0.306622
32	723	0.306336
10	843	0.305968
23	413	0.305903
23	416	0.305337
37	702	0.305248
23	421	0.304956
31	657	0.304322
28	835	0.304198
31	2	0.303343
27	494	0.303101
24	543	0.302928
24	519	0.302746
28	863	0.302246
13	752	0.302224
14	436	0.302147
24	909	0.301760
29	471	0.301603
39	566	0.301418
27	442	0.300922
23	512	0.300570
23	282	0.300527
23	655	0.300355
28	643	0.300197
25	551	0.299536
26	522	0.299060
23	196	0.298974
11	909	0.298900
32	655	0.298879
13	512	0.298104
39	622	0.298054
29	643	0.297905
39	863	0.297819
39	519	0.297633
39	404	0.297531
26	209	0.297259
31	674	0.297104
10	981	0.296999
21	843	0.296990
26	810	0.296979
28	625	0.296839
26	490	0.296688
26	545	0.296309
10	599	0.295991
5	575	0.295909
5	580	0.295825
13	259	0.295527
37	843	0.295311
31	413	0.295220
25	971	0.295049
27	686	0.295039
2	490	0.294863
11	737	0.294525
13	563	0.294510
23	587	0.294391
13	682	0.294188
13	867	0.294168
31	901	0.294117
32	702	0.294111
11	919	0.293785
10	982	0.293763
2	913	0.293457
23	595	0.293393
36	531	0.293146
39	740	0.293095
31	751	0.292342
32	346	0.292283
8	402	0.292093
8	401	0.292063
27	682	0.291959
32	964	0.291836
14	551	0.291614
2	862	0.291568
13	651	0.291557
40	921	0.291553
32	566	0.291434
26	882	0.290909
5	753	0.290877
39	418	0.290621
11	401	0.290508
13	492	0.290250
32	611	0.289901
28	603	0.289476
2	754	0.289174
13	473	0.288836
2	551	0.288743
26	793	0.288467
26	747	0.287732
25	535	0.287550
14	844	0.287258
24	455	0.287219
23	354	0.286797
25	837	0.286670
32	868	0.286149
26	982	0.285711
5	570	0.285549
32	871	0.285461
23	599	0.285309
32	551	0.285065
31	88	0.285041
22	983	0.283855
24	533	0.283681
36	611	0.283574
23	885	0.283285
23	536	0.283094
5	439	0.282245
5	673	0.281406
27	617	0.281149
24	919	0.280554
26	501	0.280505
20	913	0.280245
13	153	0.280180
27	181	0.278316
23	781	0.278223
40	668	0.278164
32	877	0.278144
31	731	0.277629
32	492	0.277616
5	603	0.277577
25	547	0.277496
27	739	0.277400
32	501	0.277338
2	838	0.277130
13	761	0.277063
26	446	0.276778
31	877	0.276687
29	962	0.276652
14	751	0.276227
37	723	0.276193
2	765	0.275607
32	739	0.275495
23	702	0.275393
32	855	0.275287
28	786	0.274970
20	702	0.274839
13	745	0.274241
10	976	0.272892
39	386	0.272334
27	897	0.272319
26	570	0.272318
14	574	0.272027
37	906	0.271944
39	480	0.271225
40	981	0.270968
39	976	0.270870
2	672	0.270815
27	848	0.270642
20	401	0.270577
26	566	0.270528
14	414	0.269873
40	538	0.269628
24	256	0.268776
40	643	0.268744
29	2	0.268730
11	2	0.268457
32	924	0.268422
24	708	0.268410
27	913	0.268286
14	386	0.267719
13	625	0.267464
13	246	0.267139
21	905	0.266773
25	906	0.266726
25	723	0.266473
37	919	0.266024
24	436	0.265921
2	843	0.265897
32	556	0.265796
22	423	0.265506
24	603	0.265367
25	796	0.265195
31	629	0.265189
24	587	0.265114
2	898	0.265107
39	859	0.264376
13	964	0.263966
25	863	0.263945
23	617	0.263887
14	470	0.263690
10	971	0.263605
29	625	0.263596
24	673	0.263425
24	284	0.263305
32	561	0.263122
27	885	0.262828
24	310	0.262820
2	800	0.262707
31	340	0.262361
28	434	0.262249
36	835	0.262105
10	983	0.261942
13	418	0.261822
39	405	0.261219
32	471	0.261124
27	64	0.260965
2	526	0.260940
31	211	0.260793
39	796	0.260587
26	542	0.260346
32	625	0.259811
26	492	0.259439
2	802	0.259177
27	964	0.259108
23	267	0.258977
26	473	0.258925
28	492	0.258289
39	657	0.258273
5	734	0.257982
27	924	0.257944
32	621	0.257642
17	796	0.257146
28	871	0.256868
32	984	0.256722
28	842	0.256471
13	405	0.256216
26	574	0.255694
23	444	0.255659
8	526	0.255476
39	439	0.254509
27	354	0.254271
24	252	0.254186
2	734	0.253932
32	977	0.253808
2	657	0.253597
11	643	0.253350
23	251	0.252998
20	737	0.252853
39	977	0.252334
27	648	0.252140
27	446	0.252043
14	906	0.251984
31	64	0.251756
5	921	0.251737
13	887	0.251340
39	752	0.250962
24	745	0.250961
28	612	0.250529
40	414	0.250313
8	471	0.250293
17	782	0.250235
22	148	0.249936
14	282	0.249470
5	702	0.249272
23	249	0.248901
26	402	0.248604
23	180	0.248541
5	980	0.248276
8	414	0.248227
31	559	0.248081
31	444	0.247295
14	838	0.247199
28	763	0.247027
13	549	0.246507
14	977	0.246162
8	699	0.245804
23	963	0.245628
2	700	0.245483
11	535	0.245367
21	977	0.245172
39	454	0.245152
13	657	0.244123
39	595	0.244072
13	2	0.244031
23	751	0.243647
5	542	0.243550
8	723	0.243316
23	133	0.243239
25	976	0.242994
11	852	0.242892
2	460	0.242647
23	686	0.242099
23	527	0.241359
13	354	0.241020
23	871	0.240870
25	672	0.240788
2	578	0.240726
23	537	0.240226
25	905	0.240123
31	354	0.240043
11	971	0.239991
26	286	0.239907
24	969	0.239849
5	538	0.239680
32	793	0.239528
39	340	0.239354
23	418	0.238693
11	844	0.238594
11	783	0.238312
13	236	0.238246
24	900	0.238238
31	207	0.237519
32	765	0.237498
23	33	0.237378
2	962	0.237044
23	252	0.236688
27	621	0.236637
32	668	0.236442
23	708	0.236407
23	243	0.236210
25	471	0.236136
27	480	0.235888
36	976	0.235656
13	208	0.234968
27	413	0.234839
2	877	0.234105
32	843	0.233576
31	180	0.233328
26	871	0.233323
8	893	0.233186
13	740	0.232969
39	155	0.232444
28	971	0.232350
13	163	0.232195
39	446	0.232170
29	913	0.231996
28	905	0.231445
37	868	0.231127
5	739	0.230598
24	547	0.230585
13	617	0.230132
29	723	0.229957
39	437	0.229141
40	976	0.228784
13	580	0.228274
37	753	0.228148
37	837	0.227878
24	575	0.227666
37	423	0.226643
31	162	0.226431
22	561	0.226351
27	48	0.225877
10	806	0.225763
36	561	0.225492
11	843	0.224956
39	751	0.224475
2	796	0.224473
28	414	0.224369
13	885	0.224265
24	207	0.224233
8	439	0.223791
39	690	0.223443
8	603	0.223314
14	492	0.223187
22	737	0.222941
23	651	0.222348
32	401	0.222226
32	905	0.221972
2	656	0.221904
37	806	0.221884
11	652	0.221849
2	842	0.221552
31	446	0.221542
31	191	0.221444
13	450	0.221219
2	622	0.221005
23	404	0.220738
40	835	0.220510
29	852	0.220164
8	676	0.220035
5	906	0.220011
32	643	0.219881
23	976	0.219858
21	793	0.219853
26	436	0.219199
26	488	0.218929
32	422	0.217629
39	986	0.217460
40	837	0.217377
13	781	0.217066
20	763	0.216624
2	471	0.216538
14	154	0.216470
36	737	0.216418
26	844	0.215706
5	907	0.215222
28	734	0.215133
26	753	0.215126
10	531	0.214819
32	535	0.214324
5	852	0.213758
2	436	0.213709
28	919	0.213264
28	652	0.213206
23	977	0.212934
31	205	0.212493
8	643	0.212432
14	421	0.212321
14	405	0.211470
39	848	0.210503
22	531	0.210482
13	437	0.210176
36	982	0.210167
39	674	0.210079
40	852	0.209532
39	800	0.208864
27	219	0.208648
13	999	0.207941
2	454	0.207743
27	666	0.207561
26	717	0.207526
13	233	0.207479
36	401	0.207400
37	401	0.207355
13	690	0.207066
14	666	0.206652
14	742	0.206521
29	924	0.206105
40	980	0.205866
8	907	0.205672
14	719	0.204986
31	464	0.204905
13	88	0.204645
24	528	0.204353
26	828	0.204126
8	625	0.203914
23	731	0.203415
32	562	0.203350
32	488	0.203135
2	543	0.202507
13	668	0.201638
14	543	0.200960
39	522	0.200914
2	906	0.200696
22	471	0.200640
13	404	0.200636
23	521	0.200572
23	665	0.200304
29	907	0.199331
39	828	0.198899
23	674	0.198509
13	180	0.198344
21	734	0.198171
13	595	0.197930
22	786	0.196727
31	442	0.196680
14	657	0.196325
5	414	0.195845
24	374	0.195465
26	660	0.194894
8	838	0.194729
14	340	0.194715
14	980	0.194634
13	64	0.194519
25	652	0.193562
26	609	0.193311
5	599	0.193114
31	743	0.192209
25	977	0.192063
5	653	0.191059
13	211	0.190422
26	535	0.190349
27	437	0.190328
27	403	0.190106
2	450	0.190004
25	763	0.189995
32	527	0.189525
5	471	0.189490
29	737	0.189320
13	629	0.189235
31	243	0.188858
31	505	0.188655
36	981	0.188014
36	843	0.187931
24	441	0.187823
39	731	0.187112
26	700	0.186944
32	694	0.186405
11	422	0.186335
26	897	0.186331
32	530	0.185481
27	15	0.184671
5	783	0.183734
39	898	0.183404
25	862	0.181948
39	224	0.181697
28	921	0.181595
23	967	0.181310
13	100	0.181214
2	501	0.179660
14	224	0.179220
11	747	0.178500
29	574	0.178442
40	783	0.178209
17	608	0.178142
5	207	0.177500
8	423	0.177138
26	241	0.176944
31	266	0.176436
26	543	0.176300
5	924	0.175263
22	401	0.174779
25	734	0.173282
13	248	0.173247
26	230	0.173056
5	723	0.172782
40	919	0.171863
14	609	0.171814
32	578	0.171467
13	559	0.171407
14	248	0.171182
2	830	0.171172
40	436	0.170751
8	802	0.170035
14	655	0.169997
37	257	0.169600
26	470	0.169187
36	913	0.169109
21	574	0.168824
13	416	0.168715
27	295	0.168651
10	487	0.167961
39	792	0.167459
39	432	0.167046
29	702	0.166256
37	852	0.165614
14	418	0.164675
23	969	0.164559
8	655	0.164385
39	962	0.164342
11	286	0.163666
2	844	0.163513
11	734	0.163445
11	257	0.162957
26	751	0.162874
36	672	0.162740
37	404	0.162314
32	246	0.162151
26	745	0.161771
23	848	0.161436
28	653	0.161220
31	238	0.160682
32	436	0.159199
26	562	0.159096
25	793	0.158441
36	820	0.157991
10	340	0.157991
25	410	0.157876
17	828	0.157598
26	838	0.157584
13	655	0.157117
21	131	0.156073
10	556	0.155623
23	455	0.155587
26	761	0.155581
27	416	0.155373
11	700	0.155349
27	163	0.155105
27	781	0.154702
25	782	0.154146
21	643	0.154002
37	414	0.153376
5	2	0.152938
5	450	0.152603
27	583	0.152104
11	976	0.151386
2	545	0.150436
11	668	0.150245
32	490	0.149664
32	559	0.149286
11	442	0.149200
20	266	0.148921
31	665	0.148810
5	423	0.148717
26	577	0.148615
32	248	0.148557
28	284	0.147915
16	693	0.147483
32	207	0.147340
22	340	0.147167
13	157	0.147130
26	516	0.146731
22	526	0.146228
28	717	0.145480
14	495	0.144971
2	216	0.144770
16	251	0.144128
14	205	0.143764
29	180	0.143630
40	883	0.143486
28	286	0.143169
8	495	0.142393
25	739	0.142316
39	885	0.141846
20	346	0.141808
5	354	0.140111
28	436	0.139687
32	154	0.139373
14	582	0.139335
26	842	0.138765
21	446	0.138002
10	863	0.137887
11	551	0.137485
36	180	0.137302
14	521	0.136497
26	282	0.136161
26	244	0.135931
11	521	0.135874
26	413	0.135720
20	575	0.135538
26	877	0.135331
32	241	0.135193
25	577	0.134954
36	717	0.134944
10	673	0.134474
27	209	0.133554
4	666	0.133007
5	15	0.132988
27	655	0.132653
39	745	0.132610
36	442	0.131838
8	257	0.131253
21	783	0.131080
5	551	0.130802
21	655	0.130572
14	967	0.130010
37	175	0.129988
28	33	0.129911
27	780	0.129671
30	753	0.129604
25	984	0.129489
13	310	0.128904
5	556	0.128406
11	446	0.128396
5	231	0.128281
8	454	0.128080
2	577	0.127744
14	490	0.127600
25	233	0.127476
11	469	0.127380
24	135	0.127351
21	374	0.127236
14	15	0.125999
27	157	0.125971
2	421	0.125923
11	473	0.124964
21	671	0.124561
8	973	0.124513
25	673	0.124025
11	444	0.123804
30	666	0.123152
40	596	0.123047
8	266	0.122462
11	698	0.121896
13	496	0.121543
32	752	0.121455
14	264	0.121053
27	410	0.120439
10	668	0.120401
10	765	0.119701
40	890	0.119346
36	890	0.119337
32	480	0.119279
25	752	0.119269
29	980	0.119241
20	740	0.119202
39	133	0.118752
37	348	0.118244
22	828	0.118186
11	206	0.117860
8	980	0.117764
36	751	0.117410
28	450	0.117304
5	528	0.117218
27	600	0.116892
8	919	0.116528
8	969	0.116393
2	422	0.116250
5	386	0.115885
37	964	0.115847
14	745	0.115494
27	432	0.115473
8	180	0.115166
2	512	0.114927
10	734	0.114812
28	781	0.114754
8	666	0.114601
27	257	0.114524
10	536	0.114447
28	519	0.114160
2	743	0.114112
36	181	0.113834
37	162	0.113824
5	674	0.113565
16	754	0.113374
37	207	0.113163
39	231	0.113086
2	209	0.112961
2	611	0.112875
27	579	0.112741
21	238	0.112626
28	723	0.112603
22	536	0.112099
27	901	0.111753
22	717	0.111734
29	981	0.111648
10	545	0.111456
17	862	0.111265
21	877	0.111121
25	432	0.110939
37	521	0.110766
10	719	0.110641
14	387	0.110565
39	582	0.110402
11	411	0.110383
2	444	0.110047
29	964	0.109989
27	596	0.109635
5	541	0.109242
27	810	0.108897
25	469	0.108829
2	745	0.108197
10	295	0.107900
37	230	0.107871
28	148	0.107775
27	868	0.107669
31	781	0.107382
25	668	0.107372
22	612	0.107228
2	404	0.107209
21	208	0.107200
29	404	0.106835
21	464	0.106682
2	893	0.106596
27	969	0.106586
14	708	0.106481
29	832	0.105407
25	907	0.104928
27	574	0.104774
32	191	0.104582
23	119	0.104506
32	595	0.104276
29	666	0.104180
2	257	0.104161
29	460	0.103863
40	877	0.103154
37	241	0.102924
21	653	0.101994
37	611	0.101975
14	488	0.101917
23	135	0.101860
25	818	0.101409
40	570	0.101131
40	464	0.100959
22	689	0.100930
27	296	0.100815
22	837	0.100690
2	206	0.100297
25	509	0.100144
2	131	0.099789
8	252	0.099559
5	676	0.099291
27	194	0.098945
8	163	0.098859
5	219	0.098092
39	284	0.097642
21	414	0.097584
5	973	0.097373
36	702	0.097316
32	264	0.097277
5	340	0.097134
2	660	0.096999
5	717	0.096616
8	207	0.096568
8	421	0.096472
36	243	0.096357
16	676	0.096309
14	416	0.096280
28	296	0.095926
27	207	0.095878
40	346	0.095408
14	131	0.095283
26	9	0.095149
39	547	0.095015
14	665	0.094948
27	967	0.094900
21	470	0.094708
37	963	0.094229
28	48	0.094027
2	133	0.094008
28	266	0.093922
28	862	0.092992
21	802	0.092935
25	434	0.092580
26	405	0.092522
25	539	0.092465
4	905	0.091966
27	284	0.091890
25	737	0.091775
8	674	0.091736
25	236	0.091727
2	901	0.091535
11	656	0.091257
37	206	0.091161
31	295	0.090816
37	473	0.090605
11	562	0.090442
21	717	0.090394
37	625	0.090269
37	246	0.090260
5	461	0.090241
25	310	0.089972
13	488	0.089943
36	439	0.089886
13	963	0.089589
37	455	0.089311
2	432	0.089205
32	698	0.089100
27	266	0.088908
36	909	0.088438
2	264	0.088381
21	423	0.088256
39	186	0.088237
2	180	0.088218
29	537	0.088141
32	469	0.087863
5	977	0.087729
21	752	0.087691
28	455	0.087671
28	742	0.087662
29	745	0.087528
27	230	0.087422
39	742	0.087259
2	882	0.087135
28	868	0.087029
25	964	0.086991
36	660	0.086981
5	890	0.086780
30	671	0.086674
11	522	0.086348
27	205	0.086339
5	248	0.086272
36	842	0.086233
23	183	0.086166
21	848	0.086080
28	657	0.085735
37	430	0.085725
25	963	0.085505
24	180	0.085457
27	765	0.085112
21	883	0.085073
14	859	0.084930
32	617	0.084699
27	619	0.084642
27	527	0.084383
37	196	0.084345
31	387	0.083846
28	522	0.083635
39	295	0.083559
28	387	0.083405
31	231	0.083348
22	783	0.083290
8	871	0.083051
39	387	0.082734
27	162	0.082610
28	820	0.082427
26	505	0.082236
2	153	0.082226
37	446	0.082178
40	891	0.082092
2	410	0.082063
2	386	0.081967
27	900	0.081948
22	470	0.081804
25	676	0.081622
2	625	0.081603
10	924	0.081584
11	587	0.081488
8	698	0.081430
8	868	0.081421
8	535	0.081411
27	541	0.081402
37	562	0.081373
20	611	0.081344
28	754	0.081124
10	374	0.080577
27	676	0.080309
2	974	0.080127
2	238	0.080098
2	702	0.080088
21	838	0.080079
26	450	0.079829
37	461	0.079628
5	897	0.079513
20	832	0.079446
17	800	0.079427
21	842	0.079360
27	521	0.079014
27	95	0.078957
13	181	0.078947
36	599	0.078928
14	389	0.078804
26	980	0.078717
13	231	0.078602
25	568	0.078545
27	153	0.078535
21	485	0.078526
8	543	0.078324
37	745	0.078228
26	580	0.078209
32	477	0.078171
2	282	0.078161
2	241	0.078123
22	442	0.078104
26	556	0.077864
31	186	0.077509
20	568	0.077461
8	244	0.077452
39	464	0.077308
5	786	0.077135
29	653	0.076963
22	657	0.076934
2	674	0.076896
25	783	0.076857
25	629	0.076647
40	793	0.076627
10	522	0.076608
40	492	0.076464
8	450	0.076445
14	761	0.076388
39	495	0.076138
22	562	0.076129
16	562	0.076119
5	403	0.076052
14	577	0.076004
28	205	0.075928
21	405	0.075918
25	919	0.075870
5	430	0.075726
16	595	0.075697
29	890	0.075602
5	656	0.075467
25	674	0.075448
13	186	0.075419
8	686	0.075362
27	186	0.075189
21	512	0.075113
10	747	0.075093
4	671	0.074959
2	296	0.074662
26	430	0.074652
23	197	0.074643
25	404	0.074614
17	148	0.074547
32	600	0.074231
29	430	0.074144
31	153	0.074077
5	256	0.074058
32	416	0.074001
39	485	0.073981
30	806	0.073962
25	495	0.073857
32	153	0.073761
26	296	0.073723
14	559	0.073694
16	842	0.073531
27	264	0.073157
26	410	0.073119
20	835	0.072994
40	754	0.072898
10	973	0.072869
17	717	0.072582
31	374	0.072371
27	830	0.072332
10	802	0.072169
20	906	0.072045
10	763	0.072016
11	583	0.072007
25	346	0.071987
32	887	0.071709
28	900	0.071431
8	609	0.071412
27	180	0.071268
39	682	0.071201
14	674	0.071067
40	548	0.071019
22	674	0.070875
11	983	0.070837
11	921	0.070722
37	570	0.070540
22	583	0.070473
11	259	0.070271
22	977	0.070032
14	209	0.069830
25	543	0.069524
8	436	0.069504
39	236	0.069476
11	9	0.069456
26	494	0.069428
29	539	0.069418
26	898	0.069389
22	464	0.069380
30	698	0.069255
4	976	0.069207
28	2	0.069188
37	537	0.069054
20	469	0.068948
39	999	0.068900
10	969	0.068881
40	974	0.068814
27	9	0.068747
36	832	0.068718
2	230	0.068603
39	512	0.068584
13	207	0.068450
28	470	0.068335
29	877	0.068325
10	454	0.068296
36	487	0.068114
2	686	0.068086
8	611	0.067990
10	919	0.067712
22	252	0.067692
27	883	0.067664
23	238	0.067654
32	514	0.067568
26	248	0.067510
31	95	0.067434
13	238	0.067405
4	752	0.067242
2	583	0.066973
2	820	0.066945
26	496	0.066935
25	882	0.066743
28	389	0.066667
8	405	0.066600
11	657	0.066580
11	196	0.066398
26	88	0.066379
32	404	0.066350
21	575	0.066206
2	648	0.066178
40	418	0.066159
2	446	0.066139
8	460	0.065909
20	868	0.065900
5	416	0.065813
32	800	0.065526
2	387	0.065497
39	374	0.065478
40	537	0.065459
36	802	0.065286
16	877	0.064826
28	157	0.064768
5	549	0.064759
32	2	0.064673
2	514	0.064663
39	765	0.064606
13	119	0.064577
8	653	0.064558
29	786	0.064538
32	533	0.064356
39	509	0.064299
2	818	0.064222
37	689	0.064174
21	587	0.064059
17	868	0.064011
39	842	0.063954
2	33	0.063925
27	374	0.063848
20	765	0.063724
14	464	0.063685
10	653	0.063647
28	501	0.063618
21	450	0.063599
29	871	0.063551
36	782	0.063532
32	256	0.063503
37	492	0.063465
37	251	0.063426
24	231	0.063369
5	180	0.063359
26	266	0.063330
5	862	0.063235
13	197	0.063215
20	191	0.063177
29	568	0.063052
27	256	0.063005
20	535	0.062918
8	832	0.062889
21	739	0.062851
2	753	0.062803
36	257	0.062784
29	439	0.062669
20	599	0.062650
40	439	0.062621
5	832	0.062602
27	512	0.062573
17	559	0.062516
17	446	0.062506
14	802	0.062439
8	751	0.062420
14	444	0.062372
39	651	0.062333
25	838	0.062113
40	575	0.062027
32	470	0.061892
37	224	0.061883
21	436	0.061835
8	761	0.061825
20	574	0.061797
2	464	0.061777
28	674	0.061662
32	587	0.061653
5	976	0.061624
22	980	0.061566
29	153	0.061490
36	897	0.061442
37	519	0.061231
40	599	0.061221
11	893	0.061212
23	231	0.061164
13	464	0.061078
20	521	0.060991
5	867	0.060924
8	852	0.060905
27	455	0.060838
32	418	0.060752
14	969	0.060684
37	526	0.060617
28	460	0.060608
8	921	0.060579
29	672	0.060569
11	708	0.060550
14	541	0.060531
8	575	0.060397
21	806	0.060387
2	977	0.060339
13	206	0.060330
14	494	0.060282
27	838	0.060234
10	753	0.060109
39	33	0.060013
26	657	0.059841
22	719	0.059774
21	413	0.059640
2	575	0.059592
32	249	0.059534
8	830	0.059496
32	781	0.059409
8	672	0.059352
24	619	0.059304
40	434	0.059266
27	348	0.059179
5	698	0.059170
26	666	0.059151
27	887	0.059103
2	562	0.059084
24	444	0.059074
29	885	0.058959
37	900	0.058901
5	460	0.058873
36	786	0.058853
25	538	0.058738
39	191	0.058671
37	516	0.058652
10	793	0.058527
26	742	0.058508
5	454	0.058336
40	519	0.058182
36	862	0.058096
10	786	0.058086
27	124	0.058019
11	124	0.058010
37	643	0.058000
29	346	0.057962
39	609	0.057904
5	844	0.057856
39	206	0.057847
40	211	0.057837
2	921	0.057722
11	476	0.057693
5	609	0.057645
17	754	0.057636
13	449	0.057530
25	761	0.057511
5	682	0.057502
37	979	0.057473
26	868	0.057387
40	838	0.057109
8	416	0.057013
30	740	0.056965
17	656	0.056879
23	548	0.056716
8	967	0.056696
32	206	0.056553
22	919	0.056485
2	537	0.056438
13	441	0.056418
21	579	0.056207
10	570	0.056150
22	570	0.056092
21	603	0.056064
37	905	0.056054
2	580	0.056035
29	671	0.055997
11	596	0.055949
25	405	0.055834
37	622	0.055824
10	852	0.055757
20	971	0.055690
5	495	0.055613
5	100	0.055498
8	224	0.055421
5	919	0.055393
22	832	0.055182
25	559	0.055105
32	231	0.055038
21	473	0.054875
36	476	0.054827
26	891	0.054798
37	545	0.054664
2	676	0.054549
27	211	0.054511
2	665	0.054472
21	206	0.054434
14	208	0.054376
40	566	0.054367
22	877	0.054348
29	578	0.054290
32	580	0.054271
22	476	0.054261
10	471	0.054233
10	354	0.054223
39	216	0.054194
37	676	0.054146
24	119	0.054098
20	698	0.054002
29	579	0.053715
8	665	0.053638
20	583	0.053561
2	205	0.053514
28	405	0.053446
11	413	0.053427
22	984	0.053418
36	414	0.053360
5	563	0.053331
25	981	0.053264
20	882	0.053197
31	256	0.053188
5	979	0.053073
2	570	0.053053
13	191	0.053015
2	897	0.052919
26	549	0.052862
40	487	0.052785
27	680	0.052641
2	488	0.052622
27	236	0.052584
5	842	0.052564
5	559	0.052517
21	348	0.052411
31	9	0.052315
13	124	0.052306
5	882	0.052248
36	859	0.052239
13	267	0.052191
22	820	0.052162
27	485	0.052123
8	2	0.051970
2	411	0.051922
2	157	0.051865
11	414	0.051855
2	527	0.051845
2	619	0.051702
26	64	0.051663
11	526	0.051644
10	671	0.051500
21	596	0.051481
13	155	0.051443
5	587	0.051404
28	471	0.051357
11	256	0.051337
8	492	0.051184
13	619	0.051174
27	537	0.051155
20	863	0.051126
2	267	0.051031
25	747	0.051002
28	346	0.050916
27	402	0.050896
29	551	0.050848
37	977	0.050829
11	181	0.050705
37	432	0.050695
37	180	0.050676
14	437	0.050532
40	842	0.050398
25	581	0.050388
11	765	0.050273
2	207	0.050216
39	238	0.050197
22	556	0.050168
10	579	0.050139
32	522	0.050081
26	197	0.050062
29	694	0.050043
8	530	0.049986
36	603	0.049947
40	611	0.049899
40	526	0.049784
17	844	0.049756
39	255	0.049727
40	603	0.049708
10	516	0.049698
37	157	0.049679
8	211	0.049669
8	651	0.049660
8	578	0.049573
29	535	0.049564
2	653	0.049545
21	64	0.049478
5	442	0.049439
8	656	0.049362
21	906	0.049315
21	541	0.049152
40	737	0.049094
26	596	0.049008
21	719	0.048998
8	752	0.048989
28	671	0.048969
13	387	0.048931
32	763	0.048921
16	643	0.048912
23	496	0.048893
31	244	0.048845
8	671	0.048826
36	877	0.048778
10	907	0.048739
23	95	0.048653
24	133	0.048615
32	734	0.048596
37	256	0.048490
25	901	0.048480
30	852	0.048461
5	470	0.048385
13	648	0.048155
2	249	0.048059
5	579	0.047972
11	207	0.047963
27	488	0.047896
37	763	0.047829
32	133	0.047800
2	437	0.047790
25	900	0.047761
20	668	0.047723
28	207	0.047685
22	568	0.047618
32	461	0.047608
32	538	0.047570
31	15	0.047560
22	843	0.047503
20	983	0.047493
8	551	0.047359
5	583	0.047330
39	449	0.047320
10	608	0.047292
10	783	0.047263
27	238	0.047244
39	708	0.047138
29	516	0.047110
29	921	0.046937
25	230	0.046927
25	401	0.046860
25	423	0.046841
20	693	0.046803
29	252	0.046784
39	549	0.046755
32	890	0.046745
32	413	0.046717
36	522	0.046697
37	530	0.046669
40	233	0.046601
26	153	0.046534
36	183	0.046515
28	792	0.046400
37	612	0.046381
5	148	0.046371
37	802	0.046343
20	410	0.046323
20	793	0.046304
31	206	0.046285
28	891	0.046276
40	666	0.046237
5	751	0.046113
32	243	0.046093
2	979	0.046026
14	583	0.045959
21	488	0.045930
20	436	0.045911
20	551	0.045854
27	251	0.045815
26	719	0.045758
2	455	0.045748
21	665	0.045710
39	348	0.045681
4	583	0.045633
21	617	0.045537
37	464	0.045509
8	175	0.045489
32	599	0.045451
14	439	0.045432
37	599	0.045336
21	570	0.045298
32	828	0.045269
14	660	0.045259
2	680	0.045087
5	611	0.045077
32	596	0.044981
36	196	0.044972
27	206	0.044933
2	531	0.044914
25	578	0.044876
2	95	0.044828
27	243	0.044770
22	495	0.044751
5	800	0.044598
2	434	0.044531
36	806	0.044502
36	962	0.044368
27	539	0.044358
13	442	0.044224
5	848	0.044186
5	969	0.044138
25	643	0.044109
8	862	0.044051
13	455	0.044032
26	890	0.043994
8	256	0.043956
40	574	0.043936
32	485	0.043908
28	700	0.043888
21	163	0.043879
21	835	0.043821
39	241	0.043754
5	374	0.043677
29	231	0.043639
27	708	0.043630
32	421	0.043582
10	530	0.043543
32	751	0.043534
5	818	0.043515
21	731	0.043486
40	743	0.043476
40	717	0.043438
26	526	0.043428
10	674	0.043409
26	124	0.043390
20	907	0.043342
25	830	0.043208
29	148	0.043198
29	446	0.043121
40	251	0.043074
11	883	0.043026
28	844	0.042968
30	492	0.042949
24	241	0.042939
8	963	0.042920
37	579	0.042843
26	157	0.042824
10	619	0.042728
10	386	0.042671
29	405	0.042633
20	891	0.042623
8	621	0.042594
36	838	0.042565
39	810	0.042546
2	492	0.042470
27	387	0.042460
28	535	0.042402
39	625	0.042393
11	536	0.042374
13	249	0.042326
26	163	0.042287
22	745	0.042259
11	665	0.042096
5	413	0.041933
11	527	0.041885
23	175	0.041875
14	905	0.041818
32	969	0.041770
23	162	0.041712
21	501	0.041616
8	694	0.041588
13	986	0.041578
27	259	0.041549
14	48	0.041501
29	354	0.041492
10	898	0.041453
10	842	0.041415
28	464	0.041377
31	183	0.041310
29	828	0.041300
26	421	0.041252
39	442	0.041223
32	674	0.041214
29	651	0.041204
11	868	0.041195
36	907	0.041108
8	542	0.041099
16	439	0.041070
40	471	0.041060
14	460	0.040974
10	838	0.040964
8	608	0.040897
13	284	0.040849
36	259	0.040763
28	882	0.040706
21	437	0.040667
22	802	0.040648
28	909	0.040619
2	752	0.040610
39	536	0.040543
11	133	0.040466
37	862	0.040456
5	411	0.040428
2	485	0.040399
10	835	0.040293
37	413	0.040284
28	509	0.040274
27	386	0.040265
16	740	0.040217
17	982	0.040207
16	976	0.040178
21	745	0.040102
5	402	0.040044
22	346	0.040006
8	622	0.039958
27	528	0.039900
29	461	0.039814
29	676	0.039641
25	191	0.039526
28	88	0.039517
29	418	0.039411
11	528	0.039306
26	690	0.039287
39	207	0.039258
26	964	0.039220
25	422	0.039210
14	211	0.039153
2	211	0.039105
10	547	0.039057
8	883	0.039028
28	761	0.039018
39	533	0.038961
13	743	0.038932
14	485	0.038903
21	656	0.038865
29	977	0.038817
26	432	0.038807
20	653	0.038798
21	820	0.038769
13	430	0.038721
14	717	0.038712
8	844	0.038692
25	852	0.038673
40	259	0.038664
14	545	0.038625
5	206	0.038616
17	574	0.038606
10	574	0.038577
40	763	0.038520
28	191	0.038434
13	689	0.038405
39	402	0.038395
10	460	0.038357
22	535	0.038299
11	490	0.038232
10	581	0.038165
39	521	0.038127
32	862	0.038088
28	689	0.038050
17	519	0.037964
8	286	0.037925
14	157	0.037887
22	402	0.037858
14	206	0.037830
20	609	0.037772
14	354	0.037753
5	665	0.037743
14	295	0.037734
37	209	0.037724
26	754	0.037715
37	921	0.037638
21	699	0.037561
10	751	0.037494
29	514	0.037408
10	666	0.037398
28	690	0.037389
17	863	0.037379
22	446	0.037302
10	403	0.037283
37	501	0.037274
8	783	0.037254
30	119	0.037187
25	871	0.037178
10	800	0.037082
8	657	0.037053
32	251	0.037043
25	666	0.037034
2	477	0.036919
26	583	0.036900
26	233	0.036756
25	418	0.036746
11	374	0.036708
14	100	0.036689
29	609	0.036564
13	196	0.036555
22	488	0.036516
25	924	0.036497
14	64	0.036487
11	516	0.036478
24	249	0.036392
22	924	0.036305
32	717	0.036296
29	919	0.036267
5	516	0.036238
39	656	0.036229
26	252	0.036209
14	505	0.036200
14	259	0.036142
4	919	0.036066
10	526	0.036037
36	852	0.036018
40	577	0.035970
39	528	0.035951
26	181	0.035941
29	752	0.035912
26	581	0.035855
26	386	0.035845
8	473	0.035826
21	863	0.035797
25	566	0.035778
8	516	0.035740
37	617	0.035711
11	600	0.035682
27	248	0.035663
26	974	0.035653
2	999	0.035538
2	310	0.035529
5	487	0.035433
29	533	0.035414
5	530	0.035404
13	674	0.035394
40	423	0.035385
21	402	0.035337
2	402	0.035327
11	653	0.035308
39	95	0.035299
29	979	0.035289
21	583	0.035001
28	980	0.034992
16	737	0.034963
13	901	0.034954
22	579	0.034925
14	619	0.034877
40	236	0.034838
11	674	0.034810
23	619	0.034800
37	848	0.034791
28	197	0.034743
26	487	0.034714
30	818	0.034675
36	734	0.034647
14	403	0.034589
39	559	0.034570
17	492	0.034551
32	495	0.034503
37	449	0.034445
39	967	0.034426
2	259	0.034378
8	241	0.034359
28	422	0.034292
2	251	0.034263
36	693	0.034206
32	619	0.034187
10	648	0.034167
8	660	0.034139
26	259	0.034129
11	682	0.034119
26	587	0.034110
21	509	0.034062
21	763	0.034043
28	852	0.034033
39	867	0.034014
39	410	0.033976
37	470	0.033956
14	246	0.033947
10	810	0.033928
28	693	0.033880
21	786	0.033870
25	877	0.033746
16	786	0.033707
39	514	0.033678
36	828	0.033650
20	2	0.033621
40	906	0.033573
11	689	0.033563
28	543	0.033544
23	155	0.033535
28	246	0.033525
21	519	0.033468
29	441	0.033458
5	752	0.033448
5	686	0.033420
36	580	0.033372
32	196	0.033333
16	763	0.033314
36	512	0.033305
14	580	0.033295
14	984	0.033228
5	877	0.033218
39	455	0.033161
24	244	0.033122
29	587	0.033074
13	266	0.033065
20	976	0.033036
11	209	0.033017
13	175	0.032998
32	867	0.032912
14	690	0.032873
10	494	0.032844
11	837	0.032825
29	542	0.032806
11	575	0.032758
8	559	0.032701
13	374	0.032691
32	666	0.032672
39	890	0.032662
2	470	0.032633
40	676	0.032605
11	348	0.032595
37	15	0.032576
21	15	0.032566
20	264	0.032547
25	514	0.032509
24	143	0.032480
29	611	0.032403
39	596	0.032384
32	719	0.032375
27	444	0.032365
13	528	0.032355
17	64	0.032317
22	611	0.032279
32	496	0.032250
32	690	0.032231
26	537	0.032221
30	340	0.032202
25	743	0.032193
37	859	0.032173
26	694	0.032164
28	694	0.032116
8	422	0.032106
10	224	0.032077
2	969	0.032049
29	734	0.032010
13	243	0.031876
26	848	0.031838
37	835	0.031819
8	570	0.031809
10	882	0.031790
40	806	0.031684
11	434	0.031656
2	761	0.031646
36	830	0.031627
28	354	0.031598
40	871	0.031579
17	883	0.031560
11	619	0.031541
23	216	0.031531
36	581	0.031521
29	487	0.031502
36	191	0.031426
11	967	0.031406
8	877	0.031368
2	469	0.031263
22	891	0.031243
36	244	0.031205
11	806	0.031138
8	979	0.031100
28	629	0.031080
2	528	0.031013
2	708	0.031004
2	374	0.030994
11	574	0.030850
21	700	0.030822
26	131	0.030812
27	133	0.030802
36	527	0.030783
10	717	0.030745
22	625	0.030697
8	793	0.030659
2	191	0.030611
8	191	0.030592
27	549	0.030582
8	583	0.030563
25	561	0.030544
8	442	0.030534
26	621	0.030505
20	962	0.030486
16	863	0.030438
8	562	0.030419
20	673	0.030400
14	699	0.030390
36	883	0.030361
21	765	0.030342
8	693	0.030227
17	700	0.030189
29	844	0.030160
14	753	0.030151
5	871	0.030093
21	694	0.030045
11	964	0.030007
22	621	0.029901
11	449	0.029853
10	690	0.029757
14	430	0.029652
29	783	0.029575
26	119	0.029566
28	410	0.029537
40	501	0.029508
13	480	0.029384
2	751	0.029345
30	737	0.029336
27	249	0.029307
13	509	0.029297
22	501	0.029249
10	622	0.029230
37	243	0.029163
36	924	0.029134
26	411	0.029125
11	208	0.029077
25	625	0.029067
22	747	0.029048
36	783	0.029038
22	543	0.028981
10	676	0.028943
28	924	0.028875
21	401	0.028847
13	241	0.028828
22	676	0.028780
2	418	0.028684
29	969	0.028617
24	194	0.028482
5	967	0.028473
21	652	0.028463
11	296	0.028415
8	547	0.028358
20	742	0.028310
40	64	0.028291
8	528	0.028281
14	446	0.028252
36	765	0.028243
10	962	0.028233
36	133	0.028224
28	676	0.028214
29	862	0.028185
21	837	0.028147
11	148	0.028128
20	796	0.027898
11	224	0.027888
5	694	0.027859
23	15	0.027792
11	786	0.027754
20	224	0.027744
2	252	0.027735
11	625	0.027725
29	562	0.027706
36	446	0.027658
22	578	0.027620
17	671	0.027581
14	249	0.027505
26	752	0.027495
10	844	0.027485
5	657	0.027476
37	603	0.027457
8	842	0.027361
14	743	0.027313
29	893	0.027255
40	580	0.027236
11	461	0.027217
40	967	0.027131
10	551	0.027092
32	810	0.027083
20	837	0.027064
26	495	0.027044
8	430	0.027035
25	719	0.027025
39	543	0.026920
29	754	0.026901
26	33	0.026881
8	533	0.026862
25	449	0.026814
14	693	0.026795
5	535	0.026776
36	619	0.026757
8	754	0.026747
37	551	0.026738
28	578	0.026718
39	403	0.026623
32	579	0.026536
39	660	0.026508
11	354	0.026479
32	526	0.026460
30	820	0.026450
2	284	0.026431
31	124	0.026383
37	181	0.026373
32	230	0.026364
39	175	0.026277
40	542	0.026105
2	533	0.026095
14	568	0.026086
11	648	0.026057
37	668	0.026019
39	619	0.025961
25	528	0.025951
37	208	0.025942
29	793	0.025913
29	191	0.025894
2	883	0.025865
5	793	0.025846
37	556	0.025817
5	962	0.025789
14	656	0.025721
26	862	0.025693
11	754	0.025645
29	257	0.025626
32	512	0.025568
22	653	0.025549
39	9	0.025539
14	255	0.025501
28	751	0.025472
28	421	0.025443
22	224	0.025434
20	752	0.025424
22	450	0.025415
5	568	0.025348
2	405	0.025319
2	742	0.025271
26	180	0.025252
13	545	0.025223
29	442	0.025156
28	753	0.025117
11	842	0.025089
36	422	0.025022
20	471	0.024916
2	423	0.024897
21	461	0.024878
29	421	0.024849
8	545	0.024839
26	191	0.024811
5	526	0.024734
14	898	0.024705
37	734	0.024686
26	792	0.024648
17	578	0.024609
32	455	0.024552
20	921	0.024504
21	243	0.024485
32	175	0.024456
28	542	0.024418
20	207	0.024408
17	401	0.024331
28	155	0.024293
23	255	0.024283
8	745	0.024274
26	617	0.024235
25	603	0.024197
22	477	0.024188
26	100	0.024168
29	473	0.024149
2	848	0.024111
16	580	0.024092
11	180	0.024053
10	595	0.023996
36	792	0.023977
23	143	0.023957
22	436	0.023938
28	828	0.023871
2	967	0.023862
5	547	0.023852
10	535	0.023804
2	579	0.023785
36	470	0.023766
10	470	0.023747
32	542	0.023727
13	969	0.023631
36	980	0.023622
11	243	0.023612
14	233	0.023603
37	296	0.023564
17	476	0.023526
8	295	0.023507
37	731	0.023497
36	648	0.023488
28	977	0.023469
21	249	0.023440
28	877	0.023411
22	862	0.023392
28	848	0.023382
14	867	0.023373
40	480	0.023363
29	699	0.023325
11	897	0.023296
37	191	0.023267
22	830	0.023229
20	476	0.023181
22	666	0.023152
11	745	0.023095
8	153	0.023085
29	842	0.023075
5	577	0.023066
5	578	0.022999
39	430	0.022989
8	765	0.022960
11	570	0.022932
10	655	0.022865
26	559	0.022855
32	387	0.022721
39	781	0.022644
11	686	0.022615
22	806	0.022587
29	505	0.022539
17	436	0.022519
14	575	0.022500
32	563	0.022491
11	603	0.022481
11	216	0.022376
13	205	0.022366
8	487	0.022241
32	430	0.022213
40	893	0.022203
36	621	0.022136
5	519	0.022107
20	470	0.022098
17	423	0.022078
32	656	0.022011
13	295	0.021983
22	432	0.021925
28	596	0.021915
27	246	0.021848
17	599	0.021839
8	386	0.021772
2	196	0.021762
36	921	0.021743
23	241	0.021695
29	580	0.021676
13	680	0.021647
36	255	0.021618
14	522	0.021589
21	434	0.021580
10	665	0.021570
10	267	0.021551
32	575	0.021513
10	837	0.021503
20	745	0.021494
20	423	0.021436
11	542	0.021427
10	421	0.021273
2	682	0.021264
10	418	0.021244
14	449	0.021235
32	700	0.021225
20	522	0.021216
40	461	0.021206
8	962	0.021177
17	852	0.021110
25	656	0.021101
40	405	0.021091
22	461	0.021081
26	207	0.021053
29	527	0.020986
37	619	0.020947
28	230	0.020928
25	436	0.020918
32	792	0.020909
40	612	0.020880
39	901	0.020813
37	596	0.020736
25	890	0.020679
21	629	0.020660
2	629	0.020650
29	526	0.020640
10	434	0.020602
20	676	0.020439
25	599	0.020420
29	583	0.020401
25	587	0.020382
39	838	0.020372
21	207	0.020286
11	251	0.020238
28	782	0.020180
28	648	0.020142
28	579	0.020123
5	455	0.020113
14	595	0.020075
14	682	0.019969
14	893	0.019941
10	422	0.019912
22	976	0.019902
17	905	0.019864
11	191	0.019826
36	583	0.019778
10	909	0.019768
28	575	0.019749
14	731	0.019672
28	180	0.019663
28	516	0.019471
29	207	0.019452
14	266	0.019404
26	651	0.019365
25	651	0.019317
5	742	0.019308
29	530	0.019269
11	249	0.019250
21	682	0.019241
8	885	0.019231
28	838	0.019164
10	430	0.019126
23	900	0.019020
32	374	0.018982
13	348	0.018963
17	666	0.018905
28	608	0.018867
17	651	0.018828
8	743	0.018761
8	485	0.018752
27	651	0.018675
21	411	0.018637
2	617	0.018570
32	689	0.018541
40	905	0.018512
20	656	0.018474
17	885	0.018435
11	671	0.018426
21	984	0.018407
22	652	0.018387
21	548	0.018368
32	295	0.018244
10	656	0.018234
2	909	0.018225
28	666	0.018157
5	492	0.018119
8	629	0.018071
22	751	0.018014
2	596	0.018004
11	578	0.017994
17	897	0.017975
10	828	0.017889
25	800	0.017870
32	686	0.017851
40	800	0.017803
2	442	0.017774
16	629	0.017736
22	844	0.017716
28	651	0.017707
22	739	0.017697
8	496	0.017649
14	625	0.017534
30	414	0.017486
32	731	0.017458
20	233	0.017400
28	617	0.017275
5	887	0.017199
39	205	0.017170
8	208	0.017132
40	505	0.017084
40	470	0.016930
22	603	0.016911
21	469	0.016902
20	680	0.016892
11	743	0.016882
8	64	0.016863
5	64	0.016854
11	404	0.016787
8	455	0.016729
8	595	0.016719
22	665	0.016710
5	404	0.016614
27	536	0.016528
21	781	0.016499
36	665	0.016461
37	838	0.016432
28	545	0.016365
32	900	0.016355
20	919	0.016336
36	535	0.016183
25	842	0.016173
28	739	0.016135
29	422	0.016125
11	882	0.016115
39	441	0.016096
8	563	0.016048
20	422	0.016000
26	284	0.015991
22	405	0.015981
36	745	0.015933
27	514	0.015914
20	386	0.015905
40	765	0.015895
2	731	0.015857
21	900	0.015847
36	48	0.015751
5	485	0.015626
17	625	0.015540
28	512	0.015521
29	693	0.015511
5	868	0.015492
14	155	0.015444
29	455	0.015416
26	619	0.015368
22	411	0.015329
36	676	0.015291
37	648	0.015281
27	135	0.015272
11	416	0.015262
26	984	0.015205
28	562	0.015176
10	731	0.015138
8	514	0.015128
25	753	0.015109
2	621	0.015099
10	979	0.015051
10	131	0.015032
36	488	0.015003
13	582	0.014955
29	492	0.014860
20	657	0.014850
24	183	0.014821
37	832	0.014802
8	548	0.014716
5	548	0.014706
37	609	0.014697
11	887	0.014649
26	708	0.014629
28	800	0.014553
29	543	0.014543
13	183	0.014428
13	133	0.014361
8	216	0.014342
37	33	0.014332
36	2	0.014304
17	818	0.014284
20	286	0.014275
28	574	0.014256
21	898	0.014227
11	264	0.014150
21	471	0.014045
17	763	0.013997
25	562	0.013987
37	259	0.013958
26	251	0.013910
8	296	0.013901
17	877	0.013815
11	977	0.013661
14	999	0.013604
10	967	0.013565
20	530	0.013546
10	64	0.013527
26	655	0.013498
37	651	0.013479
16	603	0.013287
13	251	0.013249
28	999	0.013191
40	33	0.013086
22	693	0.013057
10	549	0.012952
40	257	0.012904
37	244	0.012894
4	404	0.012856
32	537	0.012837
28	595	0.012827
25	983	0.012789
22	660	0.012674
17	535	0.012664
16	611	0.012655
11	154	0.012645
14	652	0.012578
37	898	0.012549
22	682	0.012540
26	469	0.012530
5	765	0.012520
17	410	0.012511
14	267	0.012434
11	717	0.012405
25	832	0.012329
22	629	0.012309
17	454	0.012252
17	556	0.012146
36	95	0.012137
14	528	0.012089
26	249	0.012041
32	64	0.011964
36	967	0.011945
39	680	0.011926
36	682	0.011916
22	175	0.011868
11	387	0.011849
30	830	0.011821
11	792	0.011763
37	867	0.011734
26	196	0.011686
16	434	0.011648
20	267	0.011571
14	296	0.011552
10	266	0.011533
5	754	0.011514
14	600	0.011466
22	455	0.011456
28	476	0.011418
25	439	0.011399
10	446	0.011332
22	698	0.011322
10	243	0.011274
22	209	0.011236
11	488	0.011178
25	454	0.011159
14	519	0.011044
20	699	0.011025
36	763	0.010958
5	211	0.010948
37	387	0.010939
30	702	0.010852
11	761	0.010804
39	900	0.010708
22	256	0.010661
5	802	0.010651
25	835	0.010632
11	231	0.010603
13	444	0.010593
20	492	0.010574
32	209	0.010565
8	505	0.010421
20	430	0.010411
11	547	0.010402
21	542	0.010325
5	745	0.010306
32	444	0.010267
2	541	0.010258
36	436	0.010248
21	495	0.010172
22	246	0.010104
11	545	0.010037
37	527	0.010018
8	719	0.009970
28	783	0.009932
29	608	0.009874
14	442	0.009865
36	657	0.009750
2	581	0.009711
29	882	0.009702
14	842	0.009683
13	660	0.009625
22	905	0.009577
10	519	0.009568
10	542	0.009539
21	543	0.009501
28	131	0.009491
26	563	0.009481
11	763	0.009462
40	781	0.009414
20	402	0.009328
16	414	0.009280
8	461	0.009242
37	578	0.009232
8	818	0.009136
28	745	0.009021
28	893	0.008973
26	686	0.008954
28	702	0.008887
20	828	0.008877
20	665	0.008829
25	731	0.008820
28	473	0.008801
29	656	0.008791
30	608	0.008762
40	702	0.008753
39	246	0.008686
36	652	0.008657
29	800	0.008561
20	842	0.008542
11	651	0.008523
21	119	0.008475
11	690	0.008465
8	527	0.008436
37	421	0.008264
30	471	0.008225
17	964	0.008216
32	885	0.008120
26	387	0.008043
25	611	0.008024
2	155	0.008015
21	492	0.008005
22	921	0.007957
37	535	0.007938
11	266	0.007928
37	581	0.007909
25	476	0.007852
17	603	0.007842
29	818	0.007784
11	230	0.007775
17	527	0.007756
26	514	0.007737
21	897	0.007727
29	470	0.007698
10	699	0.007641
2	519	0.007593
25	488	0.007583
27	244	0.007554
28	441	0.007535
36	264	0.007506
20	672	0.007487
26	743	0.007411
14	402	0.007401
28	64	0.007372
28	249	0.007363
5	191	0.007334
32	487	0.007324
17	95	0.007315
32	411	0.007305
21	559	0.007276
22	595	0.007219
11	702	0.007209
28	15	0.007190
22	413	0.007142
8	537	0.007094
5	259	0.007085
22	900	0.007065
21	430	0.007027
16	556	0.006960
22	559	0.006950
36	690	0.006912
36	437	0.006903
14	648	0.006874
17	765	0.006816
32	15	0.006749
37	897	0.006653
37	559	0.006596
40	583	0.006538
14	781	0.006529
28	416	0.006519
28	969	0.006452
14	197	0.006414
17	983	0.006404
28	209	0.006346
14	621	0.006327
36	742	0.006279
22	460	0.006222
36	739	0.006203
32	354	0.006174
22	761	0.006126
32	780	0.006116
29	224	0.006097
8	717	0.006088
21	477	0.006040
26	216	0.005944
37	739	0.005858
14	579	0.005810
25	700	0.005742
26	444	0.005733
11	731	0.005723
8	580	0.005704
40	249	0.005589
11	470	0.005551
36	538	0.005532
25	95	0.005522
21	48	0.005512
32	536	0.005445
11	838	0.005378
37	542	0.005359
28	830	0.005340
11	480	0.005321
10	820	0.005302
25	742	0.005273
10	578	0.005244
36	800	0.005186
11	848	0.005158
37	2	0.004928
20	782	0.004899
22	848	0.004813
16	921	0.004774
22	551	0.004755
22	542	0.004745
22	897	0.004717
2	556	0.004688
11	563	0.004669
22	999	0.004467
10	877	0.004429
32	33	0.004391
37	154	0.004372
32	446	0.004352
2	859	0.004324
20	559	0.004314
36	566	0.004304
20	580	0.004285
25	582	0.004266
10	402	0.004247
39	143	0.004237
8	509	0.004218
28	541	0.004209
36	205	0.004199
36	656	0.004142
40	568	0.004017
40	224	0.003969
22	191	0.003959
36	752	0.003940
5	410	0.003911
22	643	0.003902
30	538	0.003873
16	530	0.003863
8	267	0.003806
37	528	0.003796
30	562	0.003739
36	454	0.003710
29	496	0.003653
26	243	0.003624
16	962	0.003614
25	480	0.003595
29	883	0.003557
36	700	0.003499
29	211	0.003461
20	717	0.003451
13	900	0.003288
11	421	0.003260
17	609	0.003250
29	547	0.003202
21	535	0.003192
40	522	0.003154
28	986	0.003125
36	671	0.003116
21	600	0.003049
25	986	0.003010
14	95	0.002953
40	802	0.002934
21	181	0.002905
11	781	0.002886
32	405	0.002780
4	579	0.002723
36	208	0.002627
36	983	0.002550
40	830	0.002541
22	487	0.002531
20	148	0.002521
20	622	0.002483
32	100	0.002454
20	405	0.002397
30	230	0.002282
29	780	0.002215
36	574	0.002090
22	981	0.001965
28	488	0.001937
22	519	0.001898
26	256	0.001879
14	251	0.001860
29	563	0.001850
28	386	0.001841
32	205	0.001821
8	521	0.001812
22	962	0.001745
5	473	0.001572
37	682	0.001563
36	974	0.001534
5	792	0.001467
37	354	0.001419
10	782	0.001371
17	843	0.001313
17	919	0.001285
11	430	0.001227
11	537	0.001218
8	249	0.001198
32	296	0.001122
11	244	0.001112
29	837	0.001064
36	622	0.000997
37	671	0.000968
10	621	0.000949
11	514	0.000920
36	848	0.000911
5	509	0.000872
32	549	0.000834
14	238	0.000527
17	570	0.000489
11	64	0.000470
22	909	0.000460
14	241	0.000422
30	905	0.000326
11	455	0.000307
29	509	0.000278
14	509	0.000268
22	793	0.000201
11	579	0.000192
22	838	0.000115
11	629	0.000105
22	672	0.000077
