3	797	898.450313
10	93	738.701729
10	183	738.701729
4	195	704.753414
15	16	307.257024
34	319	257.052078
16	249	243.738053
40	68	242.157383
37	136	210.716308
7	188	208.869243
33	86	206.171298
30	204	197.836704
21	343	174.363980
37	270	140.477538
15	260	136.558677
2	323	135.962404
12	193	130.837247
12	270	130.837247
34	290	128.526039
34	293	128.526039
10	87	123.116955
32	281	114.632091
4	221	110.860088
35	481	109.437619
37	31	105.358154
21	106	104.618388
21	245	104.618388
7	200	104.434621
33	83	103.085649
2	31	101.971803
34	116	98.866184
12	8	98.127935
15	249	94.540623
14	299	93.371580
36	331	90.782693
1	272	89.464388
40	341	85.467312
35	886	83.971003
40	277	80.719128
12	290	78.502348
36	105	76.448584
38	831	75.431579
1	24	74.553656
22	262	74.228331
15	705	72.295770
25	756	71.225079
37	262	70.238769
2	383	67.981202
34	711	67.645284
36	33	66.023777
36	246	66.023777
15	352	64.685689
11	8	63.733320
11	325	63.733320
36	349	60.521795
30	389	60.356961
37	53	60.204659
10	116	56.823210
20	955	56.432229
15	817	55.864914
5	215	53.761258
37	295	52.679077
26	49	52.664127
21	175	52.309194
7	96	52.217311
11	306	50.986656
2	13	50.985902
20	529	50.385918
21	133	47.553813
21	212	47.553813
20	382	47.026857
35	434	46.929313
4	177	46.540320
36	274	45.391346
2	103	45.320801
2	381	45.320801
29	192	44.221818
20	237	44.087679
4	694	43.274332
11	95	42.488880
22	452	42.416189
39	383	42.217833
21	130	41.847355
20	387	41.494286
12	225	41.317025
33	192	41.234260
4	574	40.940032
1	369	40.665631
40	330	40.359564
40	626	40.359564
20	903	40.308735
15	413	39.646068
26	40	39.498095
26	998	39.498095
10	352	38.879038
30	540	38.707181
17	483	38.505013
33	227	37.485691
1	276	37.276828
22	4	37.114166
22	217	37.114166
7	710	36.859278
29	276	36.851515
21	725	36.494786
15	368	36.147885
21	867	34.872796
27	300	34.676381
18	696	34.582972
1	249	34.409380
4	747	34.378215
2	232	33.990601
2	244	33.990601
2	326	33.990601
6	14	33.808326
6	75	33.808326
34	688	32.955395
12	598	32.709312
21	164	32.693246
17	113	32.670920
5	238	32.256755
1	195	31.951567
1	240	31.951567
9	989	31.223677
21	256	30.770114
21	854	30.770114
37	475	30.102330
11	710	29.992151
15	731	29.976295
7	234	29.838463
15	887	29.262574
2	236	28.508246
7	785	28.482169
12	191	28.036553
12	532	28.036553
34	540	27.940443
30	974	27.820786
17	542	27.787123
25	96	27.698642
8	215	27.575413
8	276	27.575413
21	76	27.531155
21	225	27.531155
25	490	27.490381
32	940	27.293355
2	175	27.192481
2	293	27.192481
2	367	27.192481
2	659	27.192481
16	972	26.966763
21	914	26.963502
4	30	26.884326
11	105	26.835082
11	711	26.835082
20	432	26.618976
34	720	26.500214
26	27	26.332063
22	211	26.198235
7	210	26.108655
27	637	26.007286
25	363	25.567977
11	175	25.493328
11	293	25.493328
2	791	25.492951
40	316	25.490251
21	236	25.310900
20	253	25.192959
15	701	25.082206
36	942	25.043501
21	780	24.909140
40	872	24.836655
37	248	24.790154
37	364	24.790154
37	437	24.790154
29	394	24.567677
12	791	24.531984
17	543	24.503190
34	821	24.250196
28	293	23.755446
4	161	23.717663
14	960	23.671668
27	294	23.642987
36	284	23.427792
14	498	23.342895
28	449	23.289653
11	227	23.175753
12	256	23.088926
12	364	23.088926
40	780	23.062608
18	176	23.055314
18	270	23.055314
5	371	23.040539
34	935	22.951078
32	202	22.926418
32	749	22.926418
2	24	22.660401
2	87	22.660401
2	349	22.660401
2	598	22.660401
6	194	22.538884
10	669	22.384901
1	296	22.366097
25	650	22.294029
37	223	22.180664
37	711	22.180664
25	427	22.158913
29	18	22.110909
27	484	22.066788
15	935	21.946930
28	227	21.595860
28	255	21.595860
20	355	21.539019
34	296	21.421006
20	379	21.375844
22	741	21.208095
39	68	21.108916
39	289	21.108916
39	755	21.108916
37	51	21.071631
37	266	21.071631
37	507	21.071631
34	209	21.069842
40	168	21.057164
40	348	21.057164
2	226	20.917293
15	252	20.830985
12	197	20.658513
33	353	20.617130
10	229	20.519492
36	880	20.458072
1	153	20.332815
40	147	20.179782
21	589	20.118921
9	110	20.072364
9	178	20.072364
37	234	20.068220
37	267	20.068220
14	856	20.008196
26	900	19.749048
10	811	19.698713
12	165	19.625587
7	179	19.581492
7	525	19.581492
25	437	19.551982
25	705	19.551982
2	53	19.423201
2	287	19.423201
2	288	19.423201
21	271	19.373776
32	10	19.105348
2	159	18.753435
9	874	18.734206
40	658	18.627491
36	65	18.622091
35	982	18.396679
8	15	18.383608
8	394	18.383608
11	21	18.209520
11	756	18.209520
22	214	18.178367
36	966	18.156539
7	478	17.903078
22	955	17.814800
15	865	17.812001
2	340	17.804601
27	609	17.771645
36	66	17.713696
36	548	17.713696
36	757	17.713696
25	778	17.493879
27	34	17.338191
27	84	17.338191
18	232	17.291486
1	181	17.204690
1	658	17.204690
33	43	17.180941
36	614	17.155784
34	454	17.136805
15	596	17.069835
2	959	16.995301
26	110	16.927755
30	877	16.640470
1	64	16.567479
8	18	16.545248
9	171	16.530182
9	705	16.530182
36	174	16.505944
34	435	16.477697
34	513	16.477697
32	287	16.376013
12	582	16.354656
25	548	16.213839
36	930	16.211195
15	655	16.171422
36	687	16.139145
5	18	16.128377
17	399	16.091647
7	122	16.066865
14	610	16.006557
19	183	16.002753
19	300	16.002753
2	710	15.995577
15	583	15.961404
9	821	15.906402
22	118	15.906071
22	253	15.906071
33	567	15.859331
28	357	15.836964
25	452	15.827795
25	741	15.827795
26	238	15.799238
26	306	15.799238
10	743	15.717058
34	690	15.673907
9	204	15.611839
9	677	15.611839
28	504	15.492682
36	944	15.452373
17	478	15.402005
10	682	15.389619
21	189	15.385057
21	438	15.385057
15	555	15.362851
34	893	15.300719
30	870	15.283522
39	221	15.179445
25	572	15.108350
25	745	15.108350
25	764	15.108350
2	384	15.106934
2	864	15.106934
12	658	15.096605
27	601	15.076687
14	284	15.059932
8	255	15.041134
17	607	14.974172
7	887	14.919232
39	571	14.900411
27	275	14.861306
28	952	14.847154
9	479	14.790163
9	490	14.790163
21	829	14.734984
5	70	14.662161
34	745	14.605232
30	481	14.594511
7	988	14.572273
5	221	14.497418
30	888	14.475856
1	413	14.429740
1	801	14.429740
14	408	14.364858
14	510	14.364858
25	492	14.296073
40	131	14.244552
40	683	14.244552
2	739	14.243680
28	170	14.182356
25	597	14.143987
29	876	14.113346
40	396	14.106255
25	751	14.084055
39	124	14.072611
9	577	14.050655
37	347	14.047754
10	890	13.937768
7	605	13.924616
7	687	13.924616
11	464	13.905452
27	39	13.870552
18	293	13.833189
21	354	13.765577
30	436	13.749269
15	754	13.732158
39	264	13.720796
10	482	13.679662
25	518	13.659604
7	540	13.621907
7	947	13.621907
2	199	13.596240
2	266	13.596240
2	290	13.596240
12	159	13.534888
12	712	13.534888
12	777	13.534888
10	464	13.430941
10	994	13.430941
16	586	13.426249
11	352	13.417541
11	505	13.417541
21	872	13.412614
14	11	13.338797
14	629	13.338797
14	756	13.338797
7	632	13.332079
30	878	13.287540
15	706	13.215356
36	464	13.204755
10	773	13.191102
37	587	13.169769
26	969	13.166032
1	485	13.156528
22	485	13.099117
12	521	13.083725
7	766	13.054328
25	583	12.950014
22	297	12.909275
2	946	12.826642
7	846	12.787913
37	411	12.770685
21	66	12.758340
11	51	12.746664
11	472	12.746664
32	222	12.736899
32	864	12.736899
8	80	12.727114
15	720	12.670393
12	284	12.661669
34	102	12.600592
34	683	12.600592
20	79	12.596480
21	161	12.574325
30	434	12.516909
28	105	12.502867
28	225	12.502867
40	699	12.498446
8	555	12.408936
30	747	12.407877
37	102	12.395077
17	858	12.392418
2	9	12.360219
2	369	12.360219
10	296	12.311695
25	622	12.310507
21	351	12.308046
29	242	12.283838
29	384	12.283838
8	82	12.255739
17	745	12.251595
11	334	12.139680
11	452	12.139680
33	311	12.127723
34	761	12.125098
40	3	12.107869
36	521	12.104359
39	254	12.062238
19	637	12.002064
20	81	11.955981
20	389	11.955981
12	379	11.894295
2	356	11.822818
7	432	11.822787
8	195	11.818034
40	731	11.812555
22	223	11.720263
36	573	11.713896
21	538	11.681954
14	91	11.671448
14	987	11.671448
14	991	11.671448
22	333	11.643660
29	146	11.637320
22	421	11.618348
28	731	11.588023
11	509	11.587876
33	221	11.582657
2	228	11.571268
27	37	11.558794
27	203	11.558794
18	49	11.527657
18	415	11.527657
27	923	11.516141
1	393	11.469793
32	51	11.463209
25	182	11.461507
33	204	11.453961
16	569	11.438970
7	489	11.392868
7	994	11.392868
20	282	11.377465
21	504	11.371564
2	292	11.330200
36	997	11.312485
28	121	11.312117
28	267	11.312117
28	741	11.312117
16	713	11.276138
19	294	11.274667
6	193	11.269442
21	801	11.249289
29	389	11.242835
21	409	11.225149
7	825	11.189424
10	490	11.108297
37	146	11.090332
11	213	11.084056
28	968	11.049045
39	152	11.013348
39	160	11.013348
4	835	11.011772
17	846	11.001432
34	568	10.961709
34	698	10.938386
40	857	10.936140
1	731	10.910291
2	107	10.876992
2	130	10.876992
22	376	10.862683
14	725	10.857160
20	938	10.852352
2	673	10.828864
37	393	10.805964
7	524	10.803582
28	817	10.797930
15	468	10.780948
1	154	10.778842
1	660	10.778842
11	829	10.771829
5	874	10.752252
25	413	10.722055
20	477	10.687922
40	511	10.683414
27	827	10.669656
2	449	10.663718
21	149	10.631950
12	685	10.608425
20	490	10.607562
33	65	10.572887
39	244	10.554458
37	39	10.535815
36	60	10.525530
33	389	10.483286
2	995	10.458646
7	521	10.443462
21	526	10.409790
9	902	10.407892
27	199	10.402914
27	293	10.402914
27	332	10.402914
1	847	10.402836
40	409	10.393021
14	604	10.374620
20	446	10.373571
34	654	10.365003
29	974	10.364489
33	266	10.308565
33	514	10.308565
19	484	10.280556
37	285	10.278844
7	508	10.272258
21	730	10.256705
11	358	10.197331
7	798	10.188744
1	174	10.166408
37	660	10.155003
25	669	10.072233
21	390	10.059460
9	443	10.036182
37	340	10.034110
26	771	10.031262
28	210	9.898103
17	286	9.891196
18	310	9.880849
26	295	9.874524
26	498	9.874524
26	991	9.874524
2	964	9.828608
14	352	9.828587
33	267	9.817681
36	608	9.814345
12	155	9.812794
12	966	9.812794
16	700	9.809891
17	674	9.801276
21	981	9.794371
5	379	9.774774
11	727	9.770962
39	283	9.742577
25	570	9.718822
2	22	9.711600
2	88	9.711600
2	240	9.711600
2	253	9.711600
2	273	9.711600
2	483	9.711600
2	529	9.711600
21	978	9.704860
25	664	9.704634
34	961	9.663612
14	380	9.659129
30	451	9.650571
7	314	9.640119
15	974	9.601782
32	43	9.552674
32	365	9.552674
32	682	9.552674
1	876	9.517488
21	418	9.510763
21	994	9.510763
5	257	9.487281
22	743	9.475957
10	435	9.470535
12	154	9.458114
12	660	9.458114
27	788	9.457195
33	841	9.371423
37	670	9.365169
7	533	9.352354
12	224	9.345518
1	766	9.319207
20	333	9.220952
7	446	9.214820
7	560	9.214820
27	758	9.179042
8	982	9.175973
37	163	9.161579
37	350	9.161579
25	815	9.140552
40	821	9.138014
28	827	9.136710
14	404	9.134176
26	827	9.114945
34	613	9.051129
32	999	9.049902
1	527	8.946439
37	346	8.919209
10	660	8.900021
14	887	8.892531
27	663	8.870702
15	501	8.841929
7	829	8.825461
32	19	8.817853
32	995	8.817853
37	793	8.800217
28	271	8.798313
11	718	8.790803
26	864	8.777354
12	687	8.722483
21	406	8.718199
27	8	8.669095
40	935	8.648478
21	666	8.646148
18	91	8.645743
18	155	8.645743
18	315	8.645743
18	331	8.645743
18	953	8.645743
18	993	8.645743
16	30	8.633773
10	167	8.589555
15	747	8.564656
16	861	8.563769
23	20	8.552364
23	41	8.552364
23	75	8.552364
23	140	8.552364
23	321	8.552364
21	148	8.547254
12	504	8.532864
12	667	8.532864
27	508	8.526979
29	510	8.504196
11	862	8.497776
2	179	8.497650
2	587	8.497650
36	818	8.494287
10	858	8.490824
14	473	8.488325
28	224	8.484088
28	935	8.484088
6	8	8.452082
6	13	8.452082
6	31	8.452082
6	109	8.452082
6	232	8.452082
36	167	8.444902
39	192	8.443567
39	359	8.443567
39	496	8.443567
39	735	8.443567
9	527	8.430393
13	215	8.425330
17	470	8.422972
17	898	8.422972
22	821	8.403207
34	333	8.400395
34	642	8.400395
9	170	8.388451
18	528	8.383751
9	698	8.370603
27	917	8.362814
12	258	8.351314
12	743	8.351314
27	770	8.348018
21	516	8.303047
10	221	8.300019
9	131	8.265091
37	939	8.263385
20	150	8.250326
40	647	8.248670
6	757	8.245933
2	379	8.240146
14	438	8.238669
11	932	8.223654
19	609	8.201411
5	366	8.200870
28	129	8.191533
32	178	8.188006
32	483	8.188006
32	856	8.188006
36	916	8.160242
27	131	8.159148
1	994	8.133126
17	545	8.106319
37	390	8.104473
37	695	8.104473
7	535	8.102686
22	489	8.097636
11	771	8.093120
2	224	8.093000
8	66	8.070852
29	647	8.069675
7	462	8.033432
36	385	8.024989
12	896	8.010444
19	34	8.001376
19	84	8.001376
19	143	8.001376
19	289	8.001376
2	184	7.997788
2	256	7.997788
2	364	7.997788
10	492	7.943029
33	510	7.929665
16	815	7.921487
25	836	7.913898
26	166	7.899619
26	175	7.899619
14	526	7.897099
36	667	7.894147
36	776	7.894147
40	149	7.875037
18	841	7.859766
21	561	7.830718
34	649	7.789457
14	217	7.780965
33	937	7.780049
30	891	7.775242
29	434	7.771848
7	469	7.735898
33	269	7.731424
11	379	7.725251
11	957	7.725251
18	280	7.685105
5	89	7.680180
5	234	7.680180
5	780	7.680180
39	307	7.675970
16	628	7.672142
13	221	7.667997
28	733	7.663047
37	994	7.662411
14	570	7.644457
32	347	7.642139
32	427	7.642139
7	447	7.641558
7	826	7.641558
21	647	7.636379
33	950	7.635974
27	798	7.611889
11	533	7.609949
37	981	7.598646
15	622	7.586593
21	840	7.581043
2	242	7.553467
2	534	7.553467
22	389	7.548644
28	771	7.541412
16	919	7.526353
26	267	7.523447
8	23	7.520567
2	385	7.511735
11	437	7.498038
15	826	7.494074
5	230	7.466841
7	340	7.459616
1	862	7.455366
39	248	7.450206
28	169	7.423577
28	179	7.423577
22	296	7.422833
12	432	7.405882
12	937	7.405882
9	223	7.395081
40	355	7.394119
2	540	7.389261
39	472	7.388121
10	474	7.387017
25	7	7.386304
25	670	7.386304
25	867	7.386304
21	646	7.367492
37	747	7.342032
36	536	7.335975
14	148	7.323261
32	944	7.316942
11	610	7.283808
18	105	7.280626
14	499	7.275708
10	683	7.242174
27	147	7.224246
29	776	7.210079
9	908	7.205464
7	380	7.202388
19	39	7.201239
28	528	7.198620
40	978	7.188345
15	570	7.187299
25	861	7.186675
22	236	7.183387
14	69	7.182429
14	181	7.182429
14	956	7.182429
26	70	7.181472
26	205	7.181472
11	880	7.181219
10	396	7.171861
32	766	7.164506
32	899	7.164506
32	952	7.164506
25	675	7.163442
2	105	7.155916
2	197	7.155916
2	225	7.155916
2	505	7.155916
2	593	7.155916
37	81	7.142926
29	716	7.132551
40	541	7.122276
40	595	7.122276
40	809	7.122276
14	739	7.114025
14	848	7.114025
40	975	7.093825
26	462	7.089402
2	538	7.084890
36	943	7.051083
11	385	7.042356
39	138	7.036305
39	215	7.036305
39	415	7.036305
10	594	7.035255
22	805	7.032158
21	702	7.028107
9	609	7.025327
5	152	7.012338
5	168	7.012338
37	385	6.985071
20	517	6.984187
37	666	6.965828
15	652	6.963332
7	799	6.962308
11	538	6.958477
19	601	6.957719
27	28	6.935276
18	175	6.916594
18	290	6.916594
18	367	6.916594
20	102	6.915714
20	683	6.915714
2	81	6.913343
37	233	6.908731
25	574	6.895927
32	545	6.895163
12	810	6.886171
7	792	6.885799
21	370	6.882789
1	665	6.881876
1	729	6.881876
33	347	6.872377
33	969	6.872377
18	487	6.870789
5	944	6.863139
19	275	6.858323
9	157	6.853978
23	187	6.841891
34	732	6.836491
40	99	6.821335
22	355	6.799542
22	584	6.799542
11	627	6.798221
2	521	6.798120
37	236	6.797300
21	395	6.793402
18	449	6.780975
40	558	6.773633
9	660	6.771400
34	805	6.764528
6	238	6.761665
29	891	6.758793
16	568	6.756065
36	424	6.755921
8	214	6.753162
25	536	6.714822
7	590	6.701687
9	576	6.690788
12	698	6.681051
9	530	6.677539
14	178	6.669399
14	191	6.669399
14	429	6.669399
27	589	6.668535
20	761	6.654744
12	81	6.652741
22	170	6.647313
15	861	6.643395
24	20	6.621913
24	56	6.621913
24	61	6.621913
24	301	6.621913
24	318	6.621913
24	321	6.621913
24	722	6.621913
36	674	6.602378
37	974	6.584885
26	43	6.583016
15	590	6.572343
34	714	6.557451
34	896	6.557451
14	694	6.552392
14	818	6.552392
12	862	6.541862
9	814	6.535188
20	230	6.531508
28	557	6.526222
36	910	6.513556
27	119	6.501821
39	249	6.495051
18	179	6.484307
37	938	6.483579
2	860	6.474400
2	1000	6.474400
33	179	6.442853
12	209	6.434619
25	699	6.433233
10	657	6.423493
40	691	6.414765
23	325	6.414273
14	409	6.411782
7	737	6.403291
19	293	6.401101
12	689	6.399648
21	834	6.379170
11	39	6.373332
40	839	6.372563
32	915	6.368449
25	461	6.351281
28	584	6.346875
14	671	6.345641
25	848	6.331118
40	333	6.330912
21	973	6.321353
13	954	6.318997
25	828	6.311083
27	33	6.304797
34	148	6.300296
34	602	6.300296
40	499	6.289802
18	255	6.287813
37	538	6.274431
14	834	6.262728
34	832	6.254308
21	445	6.252095
2	380	6.251145
33	522	6.247615
29	982	6.245589
26	778	6.236541
32	667	6.230005
21	340	6.227285
14	357	6.224772
14	662	6.224772
14	687	6.224772
11	285	6.217885
11	757	6.217885
10	580	6.207578
10	631	6.207578
7	520	6.204037
30	599	6.203938
21	976	6.198902
37	595	6.197538
39	689	6.195008
36	568	6.194128
15	973	6.188460
20	606	6.187744
19	827	6.154905
27	282	6.152261
11	660	6.142971
14	512	6.142867
29	596	6.141919
20	421	6.133938
9	753	6.133222
14	921	6.131865
34	739	6.120288
9	350	6.108980
28	65	6.091140
14	865	6.089451
12	681	6.089084
37	569	6.085670
21	963	6.082464
26	995	6.076630
11	836	6.069840
11	1000	6.069840
2	546	6.069750
33	189	6.063862
33	437	6.063862
20	870	6.054960
40	815	6.053935
5	269	6.048141
25	123	6.043340
2	867	6.042774
12	816	6.038642
6	756	6.037201
34	800	6.034086
39	115	6.031119
39	158	6.031119
39	178	6.031119
39	267	6.031119
39	288	6.031119
39	499	6.031119
7	537	6.025074
36	666	6.002162
2	595	5.998341
32	684	5.980805
40	469	5.979195
27	159	5.978686
27	459	5.978686
2	792	5.976369
25	148	5.974217
8	891	5.960624
12	509	5.947148
12	750	5.947148
21	764	5.944227
28	514	5.938862
28	609	5.938862
28	966	5.938862
22	552	5.938267
37	829	5.935671
37	880	5.935671
8	431	5.929184
11	725	5.928681
11	847	5.928681
11	793	5.914925
2	60	5.911409
2	152	5.911409
2	350	5.911409
2	947	5.911409
8	253	5.909017
8	784	5.909017
33	594	5.890609
29	863	5.886006
1	512	5.885815
1	655	5.885815
20	984	5.878357
28	962	5.875905
14	591	5.872426
27	314	5.868311
12	170	5.858384
36	654	5.856948
9	766	5.854439
5	838	5.849671
14	119	5.835724
14	274	5.835724
14	587	5.835724
4	796	5.803852
28	678	5.794011
28	757	5.794011
28	798	5.794011
2	345	5.785634
26	731	5.780209
18	96	5.763829
18	147	5.763829
18	365	5.763829
18	626	5.763829
18	682	5.763829
14	469	5.763678
39	572	5.756977
33	747	5.746935
20	556	5.734983
20	798	5.734983
1	435	5.734897
32	165	5.731605
32	507	5.731605
28	547	5.714369
34	852	5.712268
27	392	5.706240
23	124	5.701576
23	176	5.701576
19	923	5.698397
20	654	5.688733
36	491	5.673918
37	910	5.669497
29	908	5.669464
2	582	5.665100
26	425	5.649310
26	475	5.642585
26	529	5.642585
26	775	5.642585
6	415	5.634721
6	677	5.634721
39	347	5.629044
39	416	5.629044
21	709	5.624645
37	627	5.619102
34	676	5.612491
10	509	5.596225
10	543	5.596225
8	753	5.580738
25	754	5.570677
28	898	5.567683
5	159	5.561509
27	811	5.548221
32	573	5.546714
7	405	5.545201
37	621	5.545166
11	163	5.542028
11	667	5.542028
11	947	5.542028
15	563	5.536163
21	346	5.535364
12	880	5.528334
29	555	5.527727
28	814	5.524522
28	988	5.524522
16	599	5.520200
8	984	5.515083
20	562	5.510960
39	213	5.506674
27	771	5.504187
27	531	5.503757
40	745	5.503577
36	473	5.501981
36	509	5.501981
22	581	5.498395
7	468	5.496559
14	184	5.492446
14	311	5.492446
14	364	5.492446
14	705	5.492446
14	772	5.492446
11	492	5.482436
27	465	5.475218
21	979	5.472627
10	643	5.471865
30	808	5.461749
36	545	5.460613
18	778	5.460469
32	1	5.458671
32	89	5.458671
32	334	5.458671
34	586	5.446019
23	441	5.442413
22	447	5.431341
22	690	5.431341
5	161	5.427819
15	414	5.426173
33	999	5.425560
14	297	5.412845
8	776	5.395189
29	66	5.392905
10	693	5.391983
37	568	5.391462
40	406	5.381275
7	604	5.355622
33	583	5.355099
40	813	5.351544
23	295	5.345227
29	724	5.340799
21	896	5.337673
8	716	5.337177
27	80	5.334828
27	226	5.334828
27	283	5.334828
27	513	5.334828
27	995	5.334828
37	828	5.334590
19	124	5.334251
19	193	5.334251
19	203	5.334251
19	270	5.334251
34	574	5.333031
34	783	5.333031
25	590	5.332359
32	167	5.331725
21	980	5.328611
1	224	5.325261
1	340	5.325261
18	249	5.320457
18	251	5.320457
18	363	5.320457
18	408	5.320457
18	849	5.320457
11	766	5.311110
7	586	5.310235
7	751	5.310235
33	122	5.286444
17	362	5.285002
28	7	5.278988
28	442	5.278988
36	831	5.278064
39	274	5.277229
39	953	5.277229
15	409	5.274799
37	269	5.267908
34	481	5.267461
26	894	5.266413
29	753	5.264502
40	404	5.264291
23	116	5.262993
23	912	5.262993
37	997	5.251497
8	646	5.243212
15	2	5.229907
2	181	5.229323
2	658	5.229323
16	723	5.228704
14	558	5.223585
32	572	5.210550
17	553	5.208408
24	273	5.202932
10	859	5.202125
27	577	5.201457
6	249	5.201281
6	251	5.201281
6	849	5.201281
6	934	5.201281
18	490	5.200447
33	580	5.197596
14	180	5.187310
14	204	5.187310
14	207	5.187310
1	436	5.181335
16	148	5.177442
8	161	5.170390
8	587	5.170390
10	558	5.165746
14	698	5.165236
40	440	5.161436
33	3	5.154282
20	578	5.148926
29	52	5.142072
1	380	5.141631
12	333	5.130872
14	792	5.130307
21	683	5.128352
18	64	5.123403
18	902	5.123403
22	259	5.119195
40	646	5.116001
25	314	5.113595
25	665	5.113595
15	574	5.099702
27	208	5.099468
26	328	5.096528
32	442	5.094760
39	964	5.086486
21	396	5.078563
32	809	5.057298
13	192	5.055198
13	198	5.055198
13	735	5.055198
28	597	5.054350
28	698	5.054350
28	743	5.054350
19	711	5.053501
40	797	5.044945
26	345	5.042310
26	941	5.042310
17	871	5.038039
25	477	5.036117
2	64	5.035645
2	271	5.035645
2	280	5.035645
2	889	5.035645
12	430	5.032202
12	435	5.032202
12	462	5.032202
23	387	5.030802
21	537	5.029730
1	592	5.026089
1	916	5.026089
39	887	5.025932
29	788	5.025207
32	693	5.020384
37	450	5.017055
39	389	5.008895
28	805	5.001147
34	439	5.001013
32	213	4.984004
39	211	4.966804
39	256	4.966804
39	364	4.966804
39	705	4.966804
25	533	4.960951
20	434	4.958895
37	351	4.958031
27	53	4.953769
27	90	4.953769
27	178	4.953769
27	241	4.953769
27	287	4.953769
27	288	4.953769
27	701	4.953769
27	992	4.953769
27	922	4.949265
28	682	4.949051
10	970	4.941149
18	88	4.940425
18	178	4.940425
18	273	4.940425
18	475	4.940425
18	756	4.940425
26	164	4.937262
26	179	4.937262
26	455	4.937262
21	868	4.934830
1	927	4.933698
9	606	4.930054
17	740	4.928642
14	225	4.914294
14	711	4.914294
33	887	4.908840
29	431	4.905150
11	5	4.902563
11	390	4.902563
11	929	4.902563
37	167	4.900379
22	792	4.894176
21	342	4.888710
39	467	4.888381
25	541	4.887996
25	560	4.887996
5	477	4.887387
23	11	4.887065
23	158	4.887065
37	436	4.881459
32	743	4.877961
7	439	4.876325
8	438	4.866249
8	446	4.866249
8	541	4.866249
21	913	4.862740
1	667	4.862195
11	594	4.855872
2	79	4.855800
2	856	4.855800
28	506	4.848050
28	559	4.848050
28	701	4.848050
39	209	4.844669
37	380	4.844053
22	667	4.840978
26	506	4.836501
6	11	4.829761
6	50	4.829761
6	371	4.829761
6	475	4.829761
6	529	4.829761
6	564	4.829761
40	445	4.823852
25	840	4.817155
21	808	4.813730
19	332	4.800826
39	174	4.797481
33	847	4.794681
33	968	4.794681
32	787	4.776337
20	608	4.766236
11	871	4.765108
11	997	4.765108
32	783	4.756518
28	527	4.751089
7	509	4.747028
5	131	4.743640
5	189	4.743640
5	446	4.743640
30	975	4.741759
13	72	4.739248
24	206	4.729938
27	817	4.728597
34	927	4.725222
40	924	4.725022
19	508	4.722124
1	805	4.708652
17	676	4.708037
8	561	4.705984
40	671	4.702085
31	12	4.699017
31	25	4.699017
31	73	4.699017
31	78	4.699017
31	134	4.699017
31	289	4.699017
31	300	4.699017
39	271	4.690870
39	361	4.690870
39	774	4.690870
2	996	4.688359
34	976	4.686455
33	174	4.685711
5	574	4.684591
9	296	4.683552
8	177	4.682617
25	99	4.681461
25	613	4.681461
32	506	4.678861
22	866	4.675800
20	691	4.671542
21	566	4.670464
14	555	4.668579
32	568	4.643944
13	214	4.642529
25	979	4.636564
11	123	4.635151
11	965	4.635151
11	994	4.635151
21	673	4.629132
36	461	4.625870
36	769	4.625870
27	633	4.623517
25	229	4.616440
25	596	4.616440
25	883	4.616440
26	578	4.612916
40	848	4.612522
20	642	4.610476
2	366	4.608895
21	672	4.608740
7	511	4.607410
9	508	4.606772
10	997	4.602503
8	242	4.595902
26	167	4.592802
21	606	4.588526
15	878	4.585926
32	107	4.585284
32	130	4.585284
32	552	4.585284
25	707	4.584603
33	687	4.581584
7	578	4.573779
7	693	4.573779
21	676	4.568489
27	750	4.553464
25	795	4.553201
11	450	4.552380
11	554	4.552380
21	386	4.548626
21	657	4.548626
34	962	4.541556
2	219	4.532080
2	373	4.532080
13	431	4.528974
13	891	4.525396
39	22	4.523339
27	456	4.523006
14	628	4.521626
9	737	4.512619
29	559	4.512430
12	762	4.511629
6	427	4.507777
10	453	4.504279
10	826	4.504279
25	608	4.491672
25	685	4.491672
36	402	4.483096
32	754	4.482819
28	890	4.482160
28	937	4.482160
11	746	4.472514
11	810	4.472514
25	910	4.471530
21	604	4.470871
34	797	4.462710
13	257	4.460469
12	745	4.460361
12	764	4.460361
7	713	4.459841
27	478	4.458392
2	233	4.457784
32	962	4.455664
36	789	4.455592
22	527	4.453700
14	780	4.446266
39	59	4.443982
39	338	4.443982
39	352	4.443982
14	815	4.435150
1	520	4.428930
9	614	4.425403
18	597	4.414847
24	95	4.414609
24	101	4.414609
24	120	4.414609
24	344	4.414609
24	641	4.414609
22	520	4.409604
32	181	4.408927
32	513	4.408927
32	658	4.408927
32	768	4.408927
32	827	4.408927
32	929	4.408927
11	803	4.406254
40	674	4.402862
25	414	4.402433
25	487	4.402433
36	965	4.401585
28	482	4.399157
28	915	4.399157
32	941	4.390165
33	876	4.386623
2	413	4.385884
2	990	4.385884
25	512	4.373470
22	683	4.366372
19	156	4.364387
19	788	4.364387
1	924	4.364116
5	608	4.359021
9	982	4.356042
20	802	4.354339
8	146	4.354013
8	354	4.354013
8	549	4.354013
37	720	4.344666
27	793	4.344605
9	436	4.339971
29	730	4.335472
27	331	4.334548
27	899	4.334548
39	604	4.330034
2	461	4.330013
13	230	4.329683
15	646	4.327564
32	432	4.325739
40	897	4.324239
9	665	4.323278
18	455	4.322871
18	587	4.322871
18	851	4.322871
18	952	4.322871
15	434	4.319958
2	346	4.316267
36	530	4.314425
12	792	4.313316
19	589	4.308433
2	828	4.302608
1	161	4.301172
33	651	4.295235
10	963	4.294777
26	967	4.293271
15	979	4.286061
40	673	4.285971
40	892	4.285971
11	580	4.284593
23	40	4.276182
23	42	4.276182
23	67	4.276182
23	94	4.276182
23	185	4.276182
23	235	4.276182
23	317	4.276182
23	398	4.276182
23	696	4.276182
23	993	4.276182
20	843	4.275169
25	759	4.272284
12	540	4.266432
21	556	4.252780
32	902	4.245633
14	153	4.244163
14	497	4.244163
14	572	4.244163
14	901	4.244163
22	842	4.241619
19	131	4.236023
19	758	4.236023
6	72	4.226041
6	274	4.226041
6	993	4.226041
40	734	4.223675
39	266	4.221783
39	367	4.221783
39	375	4.221783
39	577	4.221783
1	298	4.220018
1	936	4.220018
23	882	4.216908
19	917	4.215779
13	185	4.212665
13	262	4.212665
13	276	4.212665
29	848	4.211602
33	214	4.207578
33	559	4.207578
33	714	4.207578
25	392	4.207389
32	767	4.206682
28	892	4.204504
36	863	4.202902
39	570	4.197094
18	172	4.191875
2	729	4.183459
11	233	4.179234
11	508	4.179234
21	975	4.179163
7	454	4.177385
12	597	4.175657
32	965	4.168440
32	994	4.168440
28	810	4.167622
27	623	4.161166
26	711	4.157694
26	999	4.157694
7	414	4.149720
19	770	4.148862
32	660	4.143329
13	747	4.139274
8	264	4.136312
34	551	4.132670
9	446	4.132545
12	648	4.131703
21	909	4.126958
10	845	4.126825
22	230	4.123796
33	454	4.123426
30	863	4.121598
2	113	4.120073
2	473	4.120073
2	957	4.120073
18	340	4.117020
8	440	4.114271
11	905	4.111827
37	656	4.111538
23	329	4.095498
7	333	4.095475
29	230	4.094613
32	218	4.094003
32	519	4.094003
19	663	4.093727
37	943	4.091579
21	562	4.086656
21	974	4.086656
27	184	4.079574
27	449	4.079574
13	389	4.069863
18	248	4.068585
18	705	4.068585
1	895	4.066563
14	350	4.059634
39	247	4.059407
29	767	4.057048
12	547	4.046513
25	635	4.046410
9	457	4.043354
7	699	4.042631
33	730	4.042574
2	978	4.035990
8	556	4.035426
8	757	4.035426
36	799	4.034786
5	514	4.032094
10	30	4.025623
8	647	4.025608
17	878	4.022912
13	477	4.021180
39	860	4.020746
29	620	4.020165
24	752	4.014861
34	997	4.003926
19	8	4.000688
19	54	4.000688
19	72	4.000688
19	77	4.000688
19	114	4.000688
19	147	4.000688
19	315	4.000688
2	189	3.998894
2	697	3.998894
32	963	3.998794
21	355	3.993068
14	650	3.985372
11	898	3.983333
11	974	3.983333
5	469	3.982315
37	298	3.975779
37	761	3.975779
37	936	3.975779
14	228	3.973259
14	944	3.973259
25	921	3.968761
11	439	3.967833
33	5	3.964833
33	695	3.964833
12	536	3.964765
2	943	3.960070
28	521	3.959241
9	646	3.957931
39	587	3.957922
5	789	3.957884
40	148	3.956820
32	182	3.952831
32	494	3.952831
26	507	3.949810
39	557	3.943424
9	877	3.939436
8	703	3.939345
37	871	3.938623
40	556	3.937518
36	451	3.936377
5	747	3.933751
18	745	3.929883
10	732	3.929265
33	426	3.927072
23	719	3.926557
5	647	3.924179
11	314	3.922050
5	863	3.920092
20	799	3.918905
25	854	3.910396
32	764	3.907912
40	654	3.905764
36	492	3.904632
36	706	3.904632
6	658	3.900961
5	724	3.895743
34	104	3.894728
34	904	3.894728
1	855	3.894374
29	646	3.892766
17	569	3.892204
14	596	3.890483
14	986	3.890483
33	821	3.890024
1	386	3.889756
13	408	3.888614
10	790	3.887904
29	463	3.879107
20	557	3.875840
21	803	3.874755
7	402	3.867949
7	622	3.867949
27	727	3.866356
37	767	3.866354
15	591	3.864868
11	543	3.862625
1	824	3.856224
26	285	3.853473
26	798	3.853473
27	201	3.852931
27	263	3.852931
27	989	3.852931
14	914	3.850374
8	52	3.847732
21	511	3.846264
7	789	3.844219
36	346	3.842654
18	384	3.842552
13	683	3.840959
39	70	3.837985
39	153	3.837985
39	227	3.837985
39	261	3.837985
39	369	3.837985
39	911	3.837985
11	961	3.833583
37	674	3.831206
2	613	3.829927
12	656	3.829383
1	604	3.823264
36	805	3.822429
32	503	3.821070
40	909	3.821024
1	906	3.816740
39	407	3.815117
40	752	3.813502
2	342	3.812030
19	121	3.810179
5	866	3.809853
11	568	3.804974
27	962	3.798473
10	759	3.797952
36	727	3.795792
14	556	3.795593
31	488	3.785319
24	371	3.783951
17	748	3.780296
2	360	3.776733
16	425	3.776633
22	586	3.774322
19	798	3.773007
37	930	3.762791
26	121	3.761723
26	452	3.761723
26	860	3.761723
8	788	3.760284
8	841	3.760284
39	518	3.759122
1	580	3.759008
32	233	3.758429
6	37	3.756481
6	263	3.756481
6	280	3.756481
6	774	3.756481
6	985	3.756481
6	989	3.756481
5	847	3.750785
11	362	3.749019
33	620	3.748569
40	971	3.745667
28	6	3.741015
12	594	3.738207
12	739	3.738207
32	967	3.738003
31	294	3.737854
14	130	3.734863
14	955	3.734863
23	620	3.731941
16	796	3.727758
34	684	3.725392
27	118	3.715327
15	422	3.713076
20	467	3.712647
28	491	3.711788
5	858	3.707673
26	569	3.707402
12	761	3.702941
9	621	3.697541
37	606	3.696777
37	694	3.696777
11	724	3.694685
19	995	3.692943
31	619	3.692085
30	523	3.686398
12	800	3.685556
21	329	3.683746
39	963	3.681788
33	554	3.681630
8	7	3.676722
9	333	3.673374
39	168	3.671116
31	637	3.671107
14	676	3.669625
40	473	3.669051
1	721	3.666573
5	174	3.665540
5	788	3.665540
37	386	3.664631
37	657	3.664631
27	859	3.662998
32	597	3.658471
1	30	3.656583
28	938	3.654684
25	792	3.652568
20	523	3.651154
24	430	3.650542
27	105	3.650145
27	486	3.650145
27	505	3.650145
27	999	3.650145
39	469	3.648455
14	974	3.647327
26	665	3.645978
21	747	3.645240
25	500	3.642561
11	478	3.641904
21	971	3.641011
18	338	3.640313
5	490	3.637980
1	798	3.636764
12	686	3.634368
39	706	3.631642
36	625	3.631308
29	209	3.624739
33	463	3.617040
33	468	3.617040
33	570	3.617040
33	810	3.617040
40	878	3.614289
25	776	3.612866
25	967	3.612866
13	115	3.610856
13	158	3.610856
32	6	3.610460
9	435	3.602732
9	872	3.602732
37	604	3.601988
7	715	3.601194
28	104	3.599310
28	931	3.599310
20	714	3.598994
29	451	3.595270
10	832	3.594656
22	654	3.591693
26	23	3.590736
27	127	3.587212
27	129	3.587212
30	973	3.586164
33	421	3.585588
27	644	3.582800
2	354	3.577958
2	549	3.577958
2	778	3.577958
25	709	3.574018
15	734	3.572756
39	613	3.567704
13	647	3.566928
21	804	3.566536
23	493	3.563485
36	362	3.560106
21	873	3.558449
9	392	3.557128
27	812	3.556552
19	117	3.556167
18	688	3.546971
28	399	3.545589
30	407	3.536307
10	502	3.534458
25	913	3.531301
20	640	3.527014
31	945	3.524263
14	946	3.523456
1	6	3.522220
39	349	3.518153
39	365	3.518153
39	598	3.518153
39	626	3.518153
39	883	3.518153
40	628	3.518025
10	739	3.517627
37	984	3.511938
26	442	3.510942
36	724	3.508510
22	614	3.506850
24	387	3.505719
20	538	3.500759
23	901	3.498694
37	574	3.497366
1	898	3.494703
28	446	3.493448
28	560	3.493448
27	879	3.492585
27	645	3.487453
2	812	3.486215
8	585	3.483210
7	406	3.481154
32	172	3.473700
32	528	3.473700
32	957	3.473700
12	892	3.473555
11	30	3.473205
40	400	3.471790
27	165	3.467638
27	175	3.467638
17	551	3.466689
22	439	3.465914
21	691	3.464185
18	377	3.458297
18	636	3.458297
14	230	3.458207
14	280	3.458207
14	346	3.458207
14	889	3.458207
34	905	3.455001
24	160	3.454911
29	491	3.454830
37	721	3.454366
32	835	3.454315
10	871	3.451877
24	986	3.448913
8	682	3.446927
19	314	3.446747
13	227	3.446726
13	255	3.446726
13	261	3.446726
19	392	3.443630
12	606	3.443085
28	60	3.442818
20	924	3.440990
39	980	3.440502
5	440	3.437665
33	862	3.436188
33	984	3.436188
26	297	3.434617
26	336	3.434617
31	827	3.433897
25	720	3.426636
37	798	3.426281
40	786	3.422719
23	106	3.420945
23	337	3.420945
23	374	3.420945
23	377	3.420945
24	990	3.417762
14	149	3.416033
11	930	3.414285
40	973	3.414102
34	913	3.413706
12	657	3.413146
8	720	3.411391
40	613	3.410667
31	609	3.406787
16	907	3.403431
25	431	3.403246
11	454	3.399110
2	966	3.399060
37	654	3.398650
37	928	3.398650
36	871	3.393746
1	543	3.388803
27	599	3.383062
6	155	3.380833
6	166	3.380833
6	243	3.380833
6	375	3.380833
6	577	3.380833
33	209	3.379857
9	161	3.377561
20	502	3.375133
14	964	3.374876
21	857	3.374787
22	473	3.374015
32	208	3.371532
36	793	3.370123
19	505	3.369001
15	500	3.367200
9	561	3.365426
23	233	3.364864
1	961	3.363323
5	651	3.360079
25	750	3.357411
19	282	3.355416
29	477	3.350138
31	923	3.346532
28	99	3.345838
28	829	3.345838
28	880	3.345838
9	224	3.345394
1	878	3.338223
14	935	3.334699
5	982	3.333457
2	362	3.332412
10	563	3.327485
20	177	3.327372
14	919	3.326778
33	410	3.325344
24	983	3.318603
2	48	3.316156
2	924	3.316156
28	424	3.314713
10	910	3.312564
24	8	3.310957
24	16	3.310957
24	40	3.310957
24	50	3.310957
24	67	3.310957
24	77	3.310957
24	141	3.310957
24	145	3.310957
24	200	3.310957
24	220	3.310957
24	235	3.310957
24	320	3.310957
24	325	3.310957
24	696	3.310957
24	833	3.310957
28	727	3.310864
21	828	3.310708
14	868	3.303240
27	629	3.302512
27	860	3.302512
27	873	3.302512
40	804	3.302146
28	229	3.299368
28	883	3.299368
31	917	3.298696
12	631	3.298418
13	152	3.296868
20	871	3.296275
20	877	3.296275
27	530	3.295973
14	351	3.295468
18	452	3.293616
18	860	3.293616
26	582	3.291508
26	766	3.291508
26	787	3.291508
25	765	3.290928
29	703	3.290314
23	934	3.289371
2	724	3.284116
19	812	3.282616
9	439	3.280308
27	685	3.280198
24	742	3.278175
13	82	3.276517
14	810	3.276196
32	708	3.275203
32	775	3.275203
29	820	3.273486
27	821	3.271357
20	466	3.270801
31	601	3.268881
9	167	3.267594
28	544	3.261617
10	414	3.261376
2	795	3.259373
6	660	3.258634
23	89	3.258043
34	420	3.257948
17	422	3.257222
11	972	3.254467
10	458	3.254193
10	603	3.254193
29	541	3.251604
29	560	3.251604
22	647	3.250876
39	69	3.247526
39	80	3.247526
39	181	3.247526
39	251	3.247526
39	265	3.247526
39	444	3.247526
39	510	3.247526
39	658	3.247526
39	995	3.247526
33	614	3.246792
7	838	3.246672
32	936	3.244304
8	939	3.244166
34	744	3.241514
10	694	3.239920
27	557	3.239003
30	922	3.237328
2	576	3.237200
33	599	3.232651
9	380	3.230036
7	542	3.229937
20	544	3.228388
23	946	3.227307
25	671	3.227026
33	470	3.221427
33	562	3.221427
6	267	3.219841
14	996	3.219710
1	457	3.218143
18	814	3.217021
40	913	3.215901
32	342	3.213984
36	673	3.213547
39	830	3.212226
22	161	3.211803
28	685	3.210195
17	703	3.208751
2	177	3.206660
2	981	3.205771
29	840	3.204480
26	685	3.202548
19	28	3.200551
19	165	3.200551
19	175	3.200551
19	199	3.200551
19	202	3.200551
19	272	3.200551
19	359	3.200551
2	351	3.199115
7	714	3.196978
25	537	3.195997
23	600	3.194256
9	745	3.193331
37	509	3.192671
37	543	3.192671
12	556	3.191152
12	798	3.191152
31	484	3.189636
21	650	3.189585
21	826	3.189585
24	271	3.188329
13	421	3.186973
11	269	3.186666
11	853	3.186666
36	694	3.185358
26	653	3.185330
22	425	3.185006
8	151	3.181778
8	247	3.181778
27	286	3.181319
19	459	3.172960
6	791	3.169531
37	490	3.168666
27	612	3.166104
40	642	3.165456
5	939	3.162427
2	847	3.161916
8	769	3.161512
21	422	3.160676
26	335	3.159848
26	623	3.159848
26	955	3.159848
13	77	3.159499
13	244	3.159499
13	339	3.159499
15	759	3.159455
9	916	3.157450
37	433	3.156799
27	227	3.152398
27	307	3.152398
27	369	3.152398
27	441	3.152398
27	911	3.152398
39	170	3.150585
1	859	3.150154
10	568	3.150114
20	930	3.149120
18	884	3.143907
18	901	3.143907
10	2	3.143412
10	972	3.143412
29	440	3.141870
30	417	3.140265
24	316	3.136696
23	373	3.135867
25	717	3.135695
31	381	3.132678
31	412	3.132678
31	850	3.132678
10	586	3.130092
39	64	3.127247
39	230	3.127247
28	621	3.125717
27	550	3.125339
21	921	3.122937
24	769	3.121157
5	434	3.117964
7	526	3.117451
12	516	3.115173
20	414	3.114361
21	753	3.113642
23	911	3.109950
6	259	3.108812
6	846	3.104846
39	208	3.104252
15	744	3.099693
37	927	3.098769
39	767	3.098557
18	170	3.096983
20	694	3.093872
29	558	3.092435
12	614	3.090644
24	382	3.090226
2	174	3.090055
39	548	3.089110
28	395	3.085123
11	881	3.084602
12	476	3.084572
21	476	3.083057
19	513	3.077452
33	925	3.077184
37	664	3.076150
37	693	3.076150
20	831	3.075885
40	819	3.075014
31	770	3.074665
18	687	3.074042
6	9	3.073484
6	153	3.073484
6	212	3.073484
6	379	3.073484
15	815	3.072570
5	594	3.072072
13	646	3.070499
26	671	3.067813
12	491	3.066498
8	230	3.063935
5	828	3.062350
23	402	3.061957
27	772	3.059681
19	208	3.059350
10	523	3.058806
32	454	3.056856
7	656	3.056623
24	19	3.056268
23	918	3.055242
23	566	3.054416
23	951	3.054416
23	992	3.054416
39	600	3.051892
32	732	3.048726
19	452	3.048143
19	771	3.048143
19	860	3.048143
26	551	3.048085
40	719	3.046005
27	608	3.045898
28	435	3.045570
28	872	3.045570
14	540	3.044725
14	830	3.044725
32	892	3.043330
5	615	3.043090
1	873	3.043006
31	341	3.040540
18	792	3.040261
8	866	3.039809
37	161	3.039178
11	340	3.034920
33	595	3.031931
14	822	3.031545
10	481	3.027466
25	104	3.021670
9	709	3.021646
2	605	3.021387
2	687	3.021387
32	146	3.016634
39	50	3.015559
39	88	3.015559
39	275	3.015559
39	546	3.015559
39	856	3.015559
39	935	3.015559
39	951	3.015559
39	992	3.015559
27	152	3.015337
14	573	3.011986
14	709	3.011986
22	608	3.009257
8	123	3.008227
18	152	3.007215
18	348	3.007215
18	840	3.007215
32	433	3.005336
19	119	3.000516
14	634	2.999890
5	855	2.999738
37	713	2.999520
11	351	2.999215
7	502	2.998123
14	643	2.997112
23	507	2.993327
19	750	2.990413
32	386	2.990402
15	832	2.990336
33	60	2.987990
33	553	2.987990
33	840	2.987990
19	811	2.987180
7	739	2.983846
26	615	2.980988
32	583	2.977457
36	481	2.976482
32	837	2.974881
23	163	2.974735
13	256	2.973646
33	161	2.973624
20	806	2.973247
28	269	2.969431
22	616	2.969133
37	646	2.967835
25	897	2.967712
10	634	2.966674
11	167	2.964340
7	177	2.955697
10	740	2.954807
40	834	2.953139
1	723	2.952620
36	149	2.952283
12	545	2.951216
27	228	2.951181
22	691	2.949470
39	725	2.945430
33	478	2.945304
18	743	2.943232
24	15	2.943073
24	361	2.943073
24	534	2.943073
24	736	2.943073
24	875	2.943073
24	989	2.943073
10	913	2.943035
14	752	2.940837
32	435	2.939284
19	701	2.939281
40	965	2.935241
29	673	2.935076
7	871	2.928073
37	488	2.926615
26	268	2.925785
26	271	2.925785
1	333	2.923673
23	612	2.918959
13	265	2.916460
25	694	2.915647
39	718	2.911575
22	642	2.910915
19	33	2.909591
19	205	2.909591
19	227	2.909591
19	817	2.909591
29	370	2.909330
2	590	2.908287
37	707	2.906432
33	960	2.903821
8	810	2.902675
29	866	2.901694
14	707	2.897739
9	720	2.897042
2	698	2.892817
2	944	2.892817
22	822	2.892013
29	642	2.890315
25	421	2.890293
25	657	2.890293
26	888	2.890105
27	4	2.889698
27	330	2.889698
27	349	2.889698
27	391	2.889698
27	493	2.889698
27	509	2.889698
27	598	2.889698
27	862	2.889698
8	831	2.885799
13	830	2.884760
1	907	2.882848
40	450	2.882826
18	766	2.881914
18	787	2.881914
18	959	2.881914
14	622	2.881839
28	649	2.879448
39	804	2.878489
6	743	2.877304
10	439	2.874326
14	314	2.872972
26	464	2.872589
8	863	2.872439
20	149	2.867491
32	609	2.865802
32	966	2.865802
19	531	2.865231
12	578	2.865049
12	693	2.865049
11	916	2.864419
33	229	2.863490
2	585	2.862366
39	252	2.862226
28	660	2.862102
32	997	2.856875
40	476	2.854507
11	878	2.853731
25	409	2.853079
23	101	2.850788
23	144	2.850788
23	188	2.850788
23	194	2.850788
23	203	2.850788
23	291	2.850788
23	344	2.850788
23	397	2.850788
23	411	2.850788
23	412	2.850788
23	534	2.850788
23	641	2.850788
23	875	2.850788
23	986	2.850788
15	863	2.844972
31	611	2.843651
21	404	2.842891
5	646	2.839503
24	532	2.837963
28	906	2.837681
22	769	2.836752
29	462	2.834732
12	569	2.834020
2	651	2.832550
2	986	2.832550
40	818	2.832250
14	113	2.829442
14	411	2.829442
14	957	2.829442
1	806	2.828168
19	248	2.824015
18	506	2.823100
7	563	2.822557
26	253	2.821293
26	756	2.821293
31	39	2.819410
31	202	2.819410
6	96	2.817361
6	235	2.817361
6	330	2.817361
6	598	2.817361
6	626	2.817361
39	219	2.814522
39	382	2.814522
39	662	2.814522
1	886	2.813346
32	789	2.813057
7	910	2.809900
37	616	2.809551
13	37	2.808443
13	263	2.808443
13	394	2.808443
14	961	2.808168
24	579	2.805895
8	389	2.804279
23	869	2.801636
20	753	2.799218
37	913	2.798357
24	880	2.797992
7	930	2.797356
6	545	2.796177
23	390	2.795965
32	157	2.795905
18	536	2.794584
12	713	2.793678
15	804	2.793246
25	580	2.793140
37	691	2.790944
24	225	2.788174
24	486	2.788174
33	685	2.786099
33	861	2.786099
30	531	2.784254
2	701	2.774743
7	673	2.772601
11	540	2.771014
11	830	2.771014
34	926	2.769958
1	700	2.769795
18	107	2.766638
18	130	2.766638
29	269	2.763864
29	853	2.763864
28	495	2.762261
36	420	2.761451
1	802	2.761247
34	907	2.761032
24	330	2.759131
24	391	2.759131
24	493	2.759131
23	990	2.758827
22	668	2.757709
22	700	2.757709
10	878	2.756350
28	793	2.755852
9	102	2.755030
37	148	2.754462
37	333	2.754462
39	865	2.753337
27	949	2.752094
11	457	2.751079
22	622	2.749197
23	856	2.748974
33	627	2.748951
31	624	2.748482
7	694	2.748280
13	216	2.747390
2	536	2.746715
14	368	2.746223
14	758	2.746223
20	439	2.744758
19	478	2.743329
9	924	2.741591
27	30	2.740096
18	520	2.739245
23	358	2.736756
9	647	2.734921
26	681	2.733758
5	252	2.733623
12	793	2.732100
28	259	2.730511
18	621	2.730235
29	469	2.729742
32	224	2.729335
32	516	2.729335
32	842	2.729335
24	257	2.726670
24	485	2.726670
14	578	2.726178
27	108	2.726131
26	159	2.724007
26	942	2.724007
39	413	2.723731
5	703	2.720064
13	866	2.719988
14	981	2.719561
2	474	2.719248
37	857	2.718920
33	370	2.712780
33	655	2.712780
33	839	2.712780
18	333	2.712390
11	597	2.712056
23	48	2.711725
14	60	2.706423
6	527	2.704666
11	962	2.702473
25	149	2.702307
9	537	2.702049
31	632	2.699435
22	484	2.699212
24	280	2.697817
26	656	2.697431
31	508	2.696157
9	423	2.695569
33	333	2.695050
39	258	2.694755
14	537	2.693411
2	517	2.692325
19	922	2.691372
21	759	2.689419
7	550	2.689304
14	501	2.686952
32	898	2.686690
13	555	2.685574
31	241	2.685153
31	475	2.685153
31	564	2.685153
37	769	2.684284
6	1	2.683200
39	878	2.677997
33	395	2.677549
33	499	2.677549
34	981	2.673912
23	100	2.672614
23	237	2.672614
23	933	2.672614
36	927	2.670079
28	221	2.669151
8	282	2.668588
8	410	2.668588
8	573	2.668588
27	65	2.667414
27	69	2.667414
27	151	2.667414
27	302	2.667414
19	49	2.667125
19	217	2.667125
19	365	2.667125
7	698	2.666416
33	675	2.666008
2	333	2.665929
2	939	2.665929
32	814	2.665863
32	847	2.665863
32	968	2.665863
1	450	2.662631
1	753	2.662631
17	643	2.662075
18	247	2.660229
18	390	2.660229
18	589	2.660229
18	658	2.660229
25	740	2.659070
1	530	2.657358
9	177	2.651067
24	28	2.648765
24	111	2.648765
24	186	2.648765
24	187	2.648765
24	198	2.648765
24	238	2.648765
24	373	2.648765
24	659	2.648765
23	500	2.647718
22	530	2.645762
2	439	2.645183
33	435	2.643222
33	872	2.643222
13	161	2.643042
19	286	2.642656
27	426	2.642010
5	891	2.641110
14	759	2.640327
9	800	2.638621
39	100	2.638615
39	119	2.638615
39	250	2.638615
39	269	2.638615
39	766	2.638615
39	851	2.638615
14	653	2.635488
32	259	2.635220
24	672	2.635152
13	982	2.633823
26	219	2.633206
29	519	2.632251
23	393	2.631497
14	99	2.630185
14	800	2.630185
9	871	2.626291
17	832	2.623213
2	390	2.614662
2	929	2.614662
36	457	2.612452
17	628	2.610509
32	543	2.605275
32	745	2.605275
5	820	2.604852
40	706	2.603843
23	297	2.602893
13	131	2.601940
13	189	2.601940
37	402	2.601436
31	904	2.601072
6	19	2.600640
6	80	2.600640
6	116	2.600640
6	122	2.600640
6	302	2.600640
6	390	2.600640
6	929	2.600640
6	995	2.600640
7	783	2.600032
31	999	2.596825
25	470	2.596748
14	360	2.593655
14	686	2.593655
14	883	2.593655
13	908	2.592409
2	594	2.589760
37	789	2.585476
8	974	2.585195
28	540	2.582114
28	967	2.582114
31	449	2.579852
33	555	2.577141
24	384	2.575189
8	616	2.573705
24	461	2.572845
14	286	2.569860
27	889	2.568621
27	950	2.568621
14	476	2.568177
7	481	2.568064
23	18	2.565709
23	738	2.565709
2	298	2.565328
2	717	2.565328
2	719	2.565328
20	794	2.565101
21	602	2.564176
36	796	2.563276
18	35	2.561702
18	622	2.561702
19	623	2.560440
32	917	2.553249
6	624	2.551572
34	611	2.550120
25	808	2.548955
18	790	2.548219
32	605	2.547380
10	707	2.547247
31	34	2.545301
18	981	2.542160
27	731	2.537296
12	630	2.536425
24	563	2.535417
34	909	2.535030
30	881	2.534563
23	985	2.534034
36	747	2.530528
31	80	2.530240
24	177	2.530071
33	789	2.529709
20	400	2.528326
13	245	2.527599
13	264	2.527599
13	874	2.527599
28	732	2.527175
19	465	2.526750
19	593	2.526750
7	653	2.526644
11	520	2.524092
6	925	2.523009
27	994	2.521919
36	797	2.521741
23	585	2.520697
5	974	2.520059
24	445	2.519493
6	973	2.519452
25	473	2.518058
24	702	2.516581
7	634	2.516497
23	779	2.515401
13	440	2.514130
31	663	2.513428
36	837	2.513016
39	450	2.512966
9	566	2.509045
9	897	2.509045
9	930	2.509045
10	980	2.508325
13	703	2.507539
8	477	2.506856
27	660	2.506726
39	978	2.506439
20	440	2.505872
27	799	2.504405
31	693	2.503856
23	922	2.503510
17	793	2.501486
23	108	2.501163
11	102	2.499346
1	754	2.499005
30	748	2.497237
5	700	2.496653
27	538	2.495323
26	585	2.494617
20	786	2.492590
32	163	2.492002
40	759	2.490050
12	420	2.487400
36	795	2.487197
11	924	2.487154
2	453	2.487117
2	650	2.487117
14	975	2.486593
33	964	2.483992
20	646	2.483813
39	171	2.483402
39	257	2.483402
39	311	2.483402
39	541	2.483402
39	560	2.483402
39	772	2.483402
24	498	2.483218
24	987	2.483218
28	747	2.483148
7	882	2.481615
25	878	2.480475
36	906	2.478708
27	110	2.476884
27	191	2.476884
27	240	2.476884
27	254	2.476884
11	943	2.475080
6	66	2.473780
6	731	2.473780
33	423	2.472078
2	123	2.472044
23	605	2.470683
18	218	2.470212
18	773	2.470212
18	784	2.470212
30	981	2.469529
26	930	2.468631
21	177	2.467415
13	548	2.465950
18	530	2.465321
39	664	2.465275
11	907	2.464446
19	80	2.461962
19	226	2.461962
19	283	2.461962
19	929	2.461962
31	334	2.461390
22	385	2.460608
24	426	2.459568
39	396	2.459291
6	464	2.458787
39	346	2.457123
29	616	2.456768
21	800	2.455831
33	224	2.454420
33	340	2.454420
33	893	2.454420
30	982	2.453366
13	170	2.452148
39	699	2.451358
32	919	2.450567
20	797	2.449315
15	445	2.448263
21	871	2.444355
6	154	2.443975
5	543	2.443694
23	53	2.443532
23	195	2.443532
23	218	2.443532
23	273	2.443532
23	288	2.443532
23	310	2.443532
23	322	2.443532
23	371	2.443532
23	940	2.443532
14	734	2.442861
32	258	2.438981
13	463	2.438911
27	470	2.438183
10	723	2.437960
24	298	2.436364
40	112	2.435783
39	537	2.435644
18	613	2.435421
20	707	2.432424
6	501	2.432254
20	982	2.429910
23	581	2.428449
2	554	2.427900
2	930	2.427900
39	259	2.426312
25	693	2.426158
13	861	2.425129
31	516	2.424096
28	846	2.424025
24	650	2.422651
5	983	2.421119
2	713	2.419260
5	625	2.419257
31	775	2.416637
6	22	2.414880
6	110	2.414880
6	254	2.414880
6	532	2.414880
6	958	2.414880
6	1000	2.414880
14	535	2.414782
32	648	2.413307
31	839	2.411338
22	763	2.410663
14	857	2.409589
24	620	2.407969
5	399	2.407220
5	925	2.407220
7	917	2.406328
11	936	2.405031
29	967	2.403360
8	724	2.397862
8	840	2.397862
19	727	2.397625
36	844	2.396903
23	955	2.394662
22	492	2.394462
14	812	2.394143
14	909	2.394143
26	509	2.393824
26	528	2.393824
11	800	2.393740
1	590	2.392096
22	907	2.391890
27	762	2.391475
19	127	2.391216
10	977	2.390620
17	471	2.390555
29	861	2.390369
39	937	2.389689
32	651	2.388169
24	796	2.387784
10	630	2.386758
29	457	2.386069
2	810	2.385305
18	182	2.385033
18	494	2.385033
18	524	2.385033
18	712	2.385033
18	996	2.385033
34	978	2.384528
24	358	2.383889
11	342	2.382554
11	877	2.382554
22	590	2.381658
9	579	2.381467
9	586	2.381467
8	457	2.380611
14	461	2.378894
12	904	2.378859
32	838	2.375795
23	207	2.375657
28	640	2.375545
6	810	2.372514
5	362	2.371820
5	602	2.371820
39	916	2.371788
19	950	2.370778
26	474	2.369886
33	259	2.369785
33	715	2.369785
13	237	2.369624
13	250	2.369624
9	806	2.368920
1	346	2.366783
24	781	2.364969
27	647	2.362381
9	580	2.361455
13	616	2.359092
26	925	2.358095
28	538	2.357861
39	409	2.355501
37	754	2.354372
1	467	2.354326
28	517	2.352024
28	765	2.352024
23	3	2.351900
26	763	2.351713
27	389	2.350941
6	590	2.350311
31	10	2.349509
31	54	2.349509
31	84	2.349509
31	143	2.349509
31	166	2.349509
31	275	2.349509
31	332	2.349509
31	503	2.349509
31	636	2.349509
31	768	2.349509
31	998	2.349509
1	866	2.348147
6	229	2.347800
39	180	2.345435
39	196	2.345435
39	360	2.345435
39	534	2.345435
10	819	2.345085
2	524	2.344179
12	921	2.343354
23	518	2.343113
33	745	2.342856
33	764	2.342856
23	461	2.342367
9	862	2.341776
37	406	2.341292
29	417	2.339779
32	714	2.339430
12	450	2.336379
12	893	2.336379
21	930	2.335232
14	514	2.334290
14	640	2.334290
23	123	2.332463
23	212	2.332463
23	246	2.332463
6	159	2.331609
24	782	2.330426
20	844	2.328062
8	434	2.326221
18	580	2.324906
21	852	2.324853
23	540	2.324012
32	608	2.323623
17	926	2.323578
26	189	2.323417
26	437	2.323417
26	438	2.323417
26	571	2.323417
26	595	2.323417
31	893	2.321538
5	457	2.320630
28	656	2.317605
29	561	2.317011
2	941	2.314254
23	351	2.314169
27	7	2.311759
27	662	2.311759
27	670	2.311759
27	984	2.311759
25	607	2.308220
28	740	2.307672
26	693	2.306458
23	592	2.306255
24	546	2.305845
14	581	2.305471
24	881	2.304709
2	389	2.304448
33	754	2.303590
33	845	2.303590
19	509	2.303427
24	348	2.303274
24	456	2.303274
23	510	2.302559
31	506	2.301559
17	568	2.298807
8	229	2.297951
13	785	2.297817
12	818	2.295390
32	474	2.292642
28	551	2.291522
23	546	2.290812
22	759	2.289820
10	700	2.287002
23	742	2.286275
19	53	2.286108
19	115	2.286108
19	178	2.286108
19	241	2.286108
19	340	2.286108
19	741	2.286108
19	992	2.286108
9	451	2.284659
9	798	2.284659
40	868	2.284504
1	714	2.282255
12	963	2.282045
21	831	2.280924
15	978	2.280201
22	906	2.280051
23	868	2.279286
39	759	2.279112
28	423	2.278700
31	926	2.278618
14	66	2.277356
12	684	2.275430
5	960	2.271602
2	681	2.271448
32	742	2.269942
27	794	2.269727
18	233	2.267736
8	806	2.266472
23	485	2.263861
7	569	2.262122
19	962	2.261873
24	66	2.261141
37	460	2.259692
23	615	2.259115
25	980	2.257275
13	753	2.256785
2	783	2.256637
11	673	2.256047
11	892	2.256047
5	558	2.255717
18	540	2.255411
18	830	2.255411
16	881	2.255228
19	859	2.253909
6	7	2.253888
6	219	2.253888
6	357	2.253888
6	442	2.253888
6	594	2.253888
6	633	2.253888
6	894	2.253888
2	813	2.253521
40	424	2.252627
31	682	2.251612
23	76	2.250622
23	146	2.250622
23	352	2.250622
23	468	2.250622
18	556	2.249299
32	449	2.247688
32	939	2.247688
2	666	2.247312
36	971	2.246749
31	799	2.245086
19	644	2.243928
28	177	2.241080
28	886	2.241080
28	936	2.241080
33	667	2.240992
33	776	2.240992
34	727	2.239130
10	104	2.238490
31	121	2.237627
31	267	2.237627
31	940	2.237627
27	573	2.237186
27	716	2.237186
27	733	2.237186
26	936	2.235741
33	451	2.234919
27	920	2.233394
6	761	2.232625
23	160	2.231051
23	350	2.231051
23	456	2.231051
23	947	2.231051
27	818	2.230644
13	311	2.230234
40	808	2.228442
24	418	2.227371
22	640	2.226850
11	676	2.226492
32	671	2.225866
31	606	2.225850
34	837	2.223634
32	926	2.223467
16	748	2.222016
39	105	2.221991
39	223	2.221991
39	354	2.221991
39	505	2.221991
39	621	2.221991
37	434	2.221965
20	886	2.218248
23	82	2.217279
23	950	2.217279
33	492	2.216896
11	386	2.216811
7	904	2.215280
31	762	2.214479
7	962	2.214162
27	597	2.213386
27	743	2.213386
37	866	2.212245
6	342	2.211760
16	679	2.211162
13	863	2.208724
12	692	2.208224
24	43	2.207304
24	85	2.207304
24	124	2.207304
24	126	2.207304
24	144	2.207304
24	147	2.207304
24	162	2.207304
24	176	2.207304
24	185	2.207304
24	188	2.207304
24	203	2.207304
24	270	2.207304
24	277	2.207304
24	412	2.207304
24	836	2.207304
24	864	2.207304
24	985	2.207304
19	129	2.207276
23	328	2.207062
27	804	2.206679
39	747	2.206507
26	907	2.206123
24	806	2.204979
22	723	2.204802
18	913	2.204492
32	729	2.204463
27	1	2.201675
23	520	2.201599
40	843	2.201431
28	686	2.199578
22	803	2.199358
14	979	2.197936
8	673	2.196272
26	242	2.194339
25	844	2.193952
6	584	2.193670
2	573	2.192942
1	362	2.192755
19	793	2.190632
27	585	2.190087
14	562	2.188396
23	52	2.187814
23	968	2.187814
19	879	2.187427
7	679	2.186349
20	700	2.183910
32	594	2.183468
32	848	2.183468
2	737	2.183338
7	747	2.183302
19	153	2.182194
19	497	2.182194
31	958	2.181686
6	413	2.181182
23	939	2.180014
28	767	2.179399
25	891	2.177186
8	370	2.177006
8	839	2.177006
11	906	2.175199
24	803	2.174604
23	403	2.173925
22	656	2.172537
25	642	2.172442
14	968	2.171432
33	648	2.170224
11	941	2.169645
31	251	2.168777
31	929	2.168777
31	995	2.168777
29	362	2.167736
27	100	2.167274
27	164	2.167274
27	274	2.167274
27	587	2.167274
27	588	2.167274
27	791	2.167274
27	851	2.167274
27	853	2.167274
39	981	2.166518
21	523	2.166012
39	65	2.165017
39	435	2.165017
39	688	2.165017
24	247	2.164856
13	843	2.163778
32	761	2.162870
19	685	2.162534
24	565	2.162257
40	930	2.162119
18	169	2.161436
18	791	2.161436
1	553	2.160976
39	424	2.159982
28	895	2.159586
24	163	2.159320
2	949	2.158133
6	597	2.157978
6	632	2.157978
10	737	2.156793
19	530	2.154826
26	104	2.154442
31	569	2.154423
21	796	2.153908
31	582	2.153716
23	501	2.153473
7	547	2.153291
22	553	2.151546
6	674	2.151439
39	461	2.151227
13	876	2.151148
22	982	2.147840
17	445	2.147690
26	689	2.146636
14	858	2.146473
1	423	2.145429
9	355	2.145138
25	857	2.144411
11	631	2.142296
13	252	2.142033
2	614	2.141140
23	4	2.138091
23	62	2.138091
23	77	2.138091
23	109	2.138091
23	244	2.138091
23	247	2.138091
23	391	2.138091
23	498	2.138091
23	607	2.138091
20	104	2.137584
15	635	2.137440
17	530	2.134931
19	416	2.133700
19	633	2.133700
13	583	2.133687
32	424	2.132690
31	552	2.130221
11	681	2.129514
9	473	2.128887
9	543	2.128887
7	980	2.127700
32	466	2.126098
40	694	2.124188
27	506	2.123044
27	559	2.123044
13	355	2.122411
24	872	2.122408
5	370	2.122155
5	621	2.122155
8	462	2.121186
8	728	2.121186
28	897	2.121022
24	107	2.119012
24	625	2.119012
24	720	2.116282
27	826	2.114413
6	164	2.113020
6	588	2.113020
6	851	2.113020
6	899	2.113020
6	959	2.113020
20	561	2.111985
40	979	2.111224
39	51	2.110892
39	377	2.110892
12	492	2.110278
27	832	2.109269
12	907	2.108011
32	927	2.107208
37	640	2.107163
2	976	2.106983
24	23	2.106972
24	480	2.106972
24	788	2.106972
24	901	2.106972
11	666	2.106887
26	454	2.106565
31	494	2.106456
13	10	2.106332
13	95	2.106332
13	200	2.106332
29	819	2.105801
19	999	2.105625
12	460	2.104621
33	846	2.103789
33	896	2.103789
14	563	2.102964
31	630	2.102791
27	113	2.101599
27	957	2.101599
20	703	2.099413
23	890	2.097750
32	740	2.096130
18	113	2.095938
18	379	2.095938
18	669	2.095938
5	499	2.094594
23	559	2.094456
23	565	2.094456
29	763	2.094403
24	370	2.091131
22	800	2.090939
23	539	2.090578
1	871	2.090289
1	877	2.090289
39	530	2.089992
11	721	2.089617
31	482	2.088452
31	771	2.088452
19	456	2.087316
19	612	2.087316
15	980	2.086635
39	734	2.086346
27	976	2.086273
32	464	2.084220
24	515	2.081173
24	848	2.081173
33	820	2.081137
31	842	2.080993
14	740	2.080852
24	734	2.078973
26	146	2.078847
26	223	2.078847
26	354	2.078847
12	346	2.076782
18	474	2.074978
18	527	2.074978
14	605	2.074924
23	909	2.074834
11	798	2.072628
22	424	2.071488
6	565	2.069898
12	434	2.069482
24	237	2.069348
24	491	2.069348
40	881	2.068248
8	853	2.068156
5	728	2.067741
12	805	2.065851
19	716	2.064871
19	733	2.064871
18	533	2.064655
23	777	2.064364
23	996	2.064364
2	509	2.060036
2	522	2.060036
14	511	2.059667
8	574	2.059574
39	157	2.059406
39	376	2.059406
39	757	2.059406
5	769	2.054570
29	700	2.053645
23	623	2.052567
25	802	2.051751
19	65	2.051635
19	435	2.051635
20	734	2.050590
11	460	2.050402
39	671	2.049409
6	509	2.048989
5	819	2.048048
32	79	2.047002
32	554	2.047002
32	897	2.047002
32	935	2.047002
13	446	2.044382
39	654	2.042798
24	112	2.042635
8	469	2.042623
33	765	2.041300
39	422	2.040741
34	819	2.040096
27	171	2.039787
27	511	2.039787
27	854	2.039787
31	941	2.039573
28	870	2.039094
24	956	2.037512
19	464	2.036714
23	334	2.036277
33	643	2.036260
22	740	2.035977
37	724	2.035906
21	439	2.035377
19	599	2.035193
39	154	2.034594
18	758	2.034292
6	961	2.033584
1	843	2.033282
27	707	2.032753
19	949	2.032096
11	445	2.031341
8	789	2.030092
14	689	2.029817
25	834	2.026730
28	568	2.026051
26	122	2.025543
26	688	2.025543
26	812	2.025543
24	918	2.025105
27	693	2.024898
7	630	2.024581
39	979	2.024395
31	433	2.023921
10	500	2.023840
18	570	2.022396
19	585	2.021400
33	102	2.021287
33	683	2.021287
11	530	2.019274
6	170	2.018408
6	533	2.018408
8	690	2.017713
8	834	2.017713
26	972	2.016924
37	502	2.016424
5	555	2.016047
29	748	2.015721
24	356	2.015365
24	612	2.015365
26	714	2.015209
9	400	2.014431
31	53	2.013864
23	184	2.012321
23	211	2.012321
23	311	2.012321
32	463	2.011089
32	746	2.011089
39	121	2.010373
39	234	2.010373
39	452	2.010373
39	629	2.010373
39	741	2.010373
39	780	2.010373
27	60	2.010225
29	895	2.010083
31	551	2.009547
1	561	2.008931
6	517	2.008415
15	148	2.008216
14	706	2.007991
11	614	2.007349
6	586	2.005579
18	60	2.004810
31	809	2.003993
1	982	2.003164
32	676	2.002307
23	944	2.001617
24	820	2.000834
27	5	2.000560
27	929	2.000560
19	100	2.000344
19	179	2.000344
19	274	2.000344
19	331	2.000344
19	588	2.000344
19	682	2.000344
19	851	2.000344
19	899	2.000344
19	987	2.000344
19	991	2.000344
20	652	1.998308
2	971	1.997901
5	668	1.997322
22	910	1.997175
32	727	1.997075
28	580	1.996256
23	347	1.995552
33	857	1.995206
32	657	1.993602
31	528	1.993522
8	964	1.993403
27	380	1.992895
33	724	1.991993
29	74	1.991974
39	177	1.991407
39	717	1.991407
39	761	1.991407
18	501	1.990387
18	879	1.990387
6	248	1.988725
6	387	1.988725
6	438	1.988725
6	595	1.988725
6	779	1.988725
22	930	1.988259
1	852	1.988098
24	97	1.986574
24	173	1.986574
24	367	1.986574
24	738	1.986574
34	466	1.986492
26	740	1.986190
10	905	1.985757
40	481	1.984897
2	693	1.984853
37	796	1.983212
28	425	1.981980
7	806	1.980846
14	104	1.980609
28	984	1.979621
22	852	1.979422
39	470	1.978961
39	562	1.978961
36	30	1.978914
20	748	1.978690
37	800	1.978557
25	450	1.978474
24	607	1.977377
18	903	1.976170
26	39	1.974905
23	19	1.973622
23	302	1.973622
23	658	1.973622
14	613	1.972639
6	862	1.972152
31	930	1.971909
1	458	1.970581
31	733	1.970556
31	928	1.970556
2	553	1.970470
2	840	1.970470
7	108	1.970465
20	403	1.970399
8	519	1.969672
13	499	1.969558
37	877	1.969311
40	888	1.968759
11	436	1.968597
10	975	1.967248
24	973	1.967235
5	453	1.966875
5	690	1.966875
5	834	1.966875
13	763	1.966670
31	846	1.965915
14	790	1.965717
24	699	1.965213
9	558	1.965127
5	763	1.964214
39	52	1.963620
33	739	1.963536
33	848	1.963536
36	861	1.962869
37	424	1.960152
6	840	1.959903
21	433	1.959146
31	43	1.957924
31	365	1.957924
31	509	1.957924
26	668	1.956562
32	906	1.956179
19	551	1.955320
26	962	1.953969
22	694	1.953377
1	676	1.953371
5	837	1.953264
33	763	1.952908
29	414	1.952398
36	905	1.952316
7	997	1.952049
9	488	1.951480
1	831	1.950532
6	695	1.950480
25	112	1.950282
11	796	1.949490
18	880	1.948336
27	592	1.948111
29	603	1.948098
13	820	1.947578
19	608	1.946281
11	584	1.946056
14	651	1.945241
33	717	1.945012
33	761	1.945012
13	388	1.944307
13	567	1.944307
32	81	1.942917
32	366	1.942917
31	962	1.942703
39	858	1.941050
31	835	1.940442
7	668	1.939962
7	700	1.939962
19	379	1.939728
11	420	1.938656
24	48	1.938121
31	679	1.934696
19	557	1.934399
13	854	1.932870
32	806	1.932680
23	650	1.929497
23	148	1.928474
23	683	1.928474
1	535	1.928112
1	926	1.928112
31	65	1.927802
26	48	1.926736
26	66	1.926736
26	678	1.926736
26	757	1.926736
32	631	1.926590
27	196	1.926466
27	204	1.926466
27	360	1.926466
27	384	1.926466
27	482	1.926466
29	599	1.926037
31	660	1.924899
23	514	1.924282
12	362	1.924077
8	734	1.923866
29	684	1.922688
24	905	1.922491
31	817	1.922325
40	703	1.921884
40	753	1.921884
15	531	1.921858
6	764	1.920928
5	224	1.920045
24	297	1.919395
39	764	1.918992
31	862	1.918765
12	679	1.917364
32	970	1.916925
37	804	1.915603
22	618	1.915570
24	704	1.915429
2	99	1.914963
2	960	1.914963
6	946	1.913679
14	481	1.913352
24	406	1.912997
27	6	1.911297
26	928	1.911198
23	597	1.910634
13	734	1.910395
24	695	1.910167
13	457	1.909337
33	230	1.908993
33	686	1.908993
31	525	1.908976
13	821	1.907622
13	890	1.907622
1	568	1.907556
27	640	1.907201
36	866	1.906198
14	506	1.905542
14	565	1.905542
13	855	1.905452
24	795	1.904934
6	859	1.904694
19	645	1.902041
31	617	1.901983
8	259	1.901753
24	686	1.900734
23	201	1.900525
23	204	1.900525
23	222	1.900525
23	263	1.900525
23	280	1.900525
23	428	1.900525
23	774	1.900525
23	864	1.900525
19	550	1.900184
27	518	1.900076
7	104	1.898811
9	608	1.898737
2	445	1.895890
13	269	1.895699
13	514	1.895699
22	972	1.895191
32	704	1.894745
11	740	1.893790
8	820	1.892794
24	115	1.891975
24	218	1.891975
24	760	1.891975
24	958	1.891975
33	767	1.891480
27	464	1.891439
6	754	1.888733
26	906	1.887281
31	614	1.887007
18	418	1.886344
18	674	1.886344
14	536	1.886295
15	808	1.885012
2	530	1.884627
24	824	1.883820
19	184	1.882677
19	341	1.882677
19	772	1.882677
26	224	1.880862
26	340	1.880862
26	887	1.880862
26	1000	1.880862
31	111	1.879607
31	190	1.879607
31	353	1.879607
31	359	1.879607
31	427	1.879607
31	687	1.879607
31	749	1.879607
18	689	1.879509
32	721	1.879215
17	727	1.878293
6	207	1.878240
6	242	1.878240
23	285	1.877348
26	530	1.877137
39	7	1.876348
39	687	1.876348
34	737	1.876293
2	707	1.875344
6	530	1.874521
33	674	1.874285
33	895	1.874285
6	568	1.874236
32	30	1.874094
9	852	1.873421
31	713	1.872918
26	926	1.872755
14	976	1.872539
10	420	1.872501
13	268	1.872296
13	469	1.872296
24	350	1.871410
14	550	1.870103
5	684	1.869957
18	685	1.869350
37	471	1.868881
24	462	1.867719
14	527	1.867432
26	614	1.866052
22	679	1.864773
37	673	1.864746
31	1	1.864689
23	872	1.863977
11	693	1.860827
11	832	1.860827
19	814	1.860785
18	492	1.859300
8	221	1.859017
24	463	1.858783
39	719	1.858647
23	803	1.858291
31	963	1.857751
27	554	1.857663
27	825	1.857663
37	672	1.856531
9	844	1.854872
26	800	1.854371
11	794	1.854060
5	762	1.853836
26	568	1.852789
18	897	1.852659
1	523	1.852265
31	420	1.852211
23	720	1.851543
31	669	1.851128
24	446	1.850241
31	634	1.849412
24	822	1.848976
14	765	1.848942
32	236	1.848905
32	928	1.848905
6	898	1.848893
28	439	1.848673
22	574	1.848008
10	815	1.846754
25	799	1.846576
19	5	1.846471
19	181	1.846471
37	737	1.845690
26	439	1.844269
29	984	1.842576
24	490	1.842186
6	723	1.841047
33	566	1.840815
32	679	1.839873
24	774	1.839420
24	802	1.839420
24	883	1.839420
19	762	1.839397
6	667	1.837409
6	967	1.837409
26	814	1.837121
26	968	1.837121
9	642	1.836687
28	466	1.835815
39	163	1.835558
39	297	1.835558
39	336	1.835558
39	667	1.835558
12	871	1.834167
12	877	1.834167
11	501	1.834052
31	924	1.833763
24	938	1.833761
10	538	1.833007
23	21	1.832649
23	22	1.832649
23	50	1.832649
23	88	1.832649
23	191	1.832649
23	450	1.832649
33	616	1.832634
24	719	1.832479
36	744	1.831681
2	523	1.829722
15	661	1.828911
6	608	1.827477
12	424	1.825636
39	861	1.825636
22	481	1.825287
27	197	1.825073
27	370	1.825073
27	479	1.825073
27	711	1.825073
33	405	1.824525
10	803	1.823955
24	3	1.821026
24	514	1.821026
33	414	1.820497
23	876	1.819652
32	576	1.819557
32	949	1.819557
24	602	1.817780
31	936	1.817544
7	684	1.816254
31	746	1.813656
20	759	1.813375
14	943	1.813040
9	857	1.812988
2	552	1.812832
24	451	1.812502
18	676	1.812208
23	579	1.811941
19	821	1.811632
6	554	1.811160
6	566	1.811160
6	893	1.811160
26	575	1.809073
26	584	1.809073
24	458	1.808628
33	606	1.808520
18	642	1.808260
24	661	1.808216
24	971	1.807839
32	618	1.807818
34	692	1.807680
31	812	1.807314
31	849	1.807314
25	689	1.806433
24	44	1.805976
24	477	1.805976
24	489	1.805976
24	639	1.805976
13	89	1.805428
13	90	1.805428
13	121	1.805428
13	234	1.805428
13	240	1.805428
13	254	1.805428
13	371	1.805428
13	429	1.805428
32	614	1.805230
19	794	1.803947
24	707	1.803901
1	653	1.803717
23	707	1.798945
8	404	1.798396
29	556	1.797635
18	395	1.796518
18	583	1.796518
39	228	1.796504
39	743	1.796504
14	5	1.795607
14	151	1.795607
14	695	1.795607
24	979	1.795480
26	480	1.795368
26	841	1.795368
11	613	1.795305
11	859	1.795305
24	407	1.795216
31	550	1.794904
12	740	1.794339
34	679	1.793804
37	698	1.793330
37	941	1.793330
37	972	1.793330
36	643	1.793238
26	400	1.793223
33	684	1.792794
32	491	1.791126
32	974	1.791126
8	466	1.790058
23	988	1.790030
9	769	1.789892
2	694	1.788979
18	869	1.788774
13	717	1.788396
31	591	1.787991
1	975	1.786905
24	916	1.785685
23	112	1.785028
23	657	1.784841
32	439	1.784157
39	99	1.783852
23	2	1.783259
32	852	1.783166
29	654	1.783138
13	574	1.782954
24	390	1.782823
24	658	1.782823
31	712	1.782386
1	913	1.782159
23	210	1.781742
23	596	1.781742
29	782	1.780062
31	522	1.779931
31	30	1.779737
6	59	1.779386
6	71	1.779386
6	76	1.779386
6	105	1.779386
6	223	1.779386
6	338	1.779386
6	463	1.779386
6	479	1.779386
6	549	1.779386
6	593	1.779386
6	606	1.779386
6	778	1.779386
6	999	1.779386
17	723	1.779110
8	709	1.779059
24	925	1.779022
9	828	1.778564
14	426	1.778506
14	819	1.778506
27	435	1.778276
19	1	1.778084
19	15	1.778084
19	263	1.778084
19	394	1.778084
19	864	1.778084
19	989	1.778084
13	974	1.777218
23	395	1.777115
13	434	1.776871
24	453	1.776611
31	460	1.776304
31	502	1.776183
23	782	1.775390
18	65	1.773486
18	393	1.773486
23	149	1.773051
14	828	1.772878
23	74	1.772111
10	423	1.771467
11	797	1.770370
33	870	1.769711
22	753	1.767341
24	442	1.765844
2	395	1.765746
10	400	1.765118
14	831	1.764289
32	665	1.763571
27	751	1.763206
23	575	1.762701
24	501	1.762668
33	604	1.762148
31	331	1.762131
31	900	1.762131
14	615	1.761728
14	821	1.761728
6	538	1.761724
19	474	1.760303
12	910	1.760142
39	147	1.759076
39	229	1.759076
26	670	1.755471
26	687	1.755471
26	867	1.755471
31	715	1.755380
24	819	1.755333
33	2	1.754649
33	941	1.754649
23	122	1.754331
23	812	1.754331
10	855	1.753942
24	910	1.751986
29	401	1.751044
8	346	1.750820
10	823	1.750478
23	550	1.749625
23	480	1.749347
23	788	1.749347
6	524	1.748707
37	783	1.748683
40	569	1.748429
24	596	1.747449
23	801	1.747257
39	707	1.746945
5	569	1.746756
28	511	1.746724
24	557	1.746439
36	161	1.745821
19	994	1.745755
23	214	1.745380
31	478	1.745349
31	903	1.745349
5	466	1.744956
19	30	1.744169
2	435	1.743108
24	76	1.742609
24	352	1.742609
40	457	1.742139
19	873	1.741796
20	643	1.741735
5	401	1.741725
36	423	1.741634
9	700	1.740019
19	504	1.739430
34	763	1.739189
26	591	1.738910
31	474	1.738636
11	804	1.738181
24	209	1.736895
32	473	1.736850
32	509	1.736850
24	671	1.735841
36	400	1.735392
19	660	1.735238
9	622	1.734649
9	802	1.734649
11	873	1.734240
28	832	1.733974
27	51	1.733819
27	155	1.733819
6	65	1.733760
24	877	1.732837
33	631	1.732532
31	750	1.732466
11	980	1.731296
31	810	1.731217
26	832	1.729844
8	747	1.729468
18	264	1.729149
18	862	1.729149
18	966	1.729149
24	108	1.728361
13	604	1.728273
24	216	1.727456
37	481	1.727183
6	941	1.726383
21	844	1.726376
39	161	1.725248
36	919	1.725087
26	611	1.724123
9	789	1.724007
32	961	1.723791
26	794	1.723553
40	713	1.723540
31	400	1.723534
18	783	1.721974
23	822	1.721580
31	517	1.721422
36	823	1.720999
24	793	1.720776
24	395	1.719978
31	798	1.719153
6	81	1.719067
6	579	1.719067
12	737	1.719030
13	599	1.717358
26	947	1.717308
24	268	1.716792
20	647	1.716309
5	732	1.715785
19	118	1.714581
19	893	1.714581
9	453	1.713494
37	149	1.713141
36	868	1.712881
39	685	1.711534
34	975	1.711399
33	574	1.710965
39	425	1.710854
23	28	1.710473
23	29	1.710473
23	97	1.710473
23	98	1.710473
23	173	1.710473
23	186	1.710473
23	266	1.710473
23	375	1.710473
23	382	1.710473
23	427	1.710473
23	464	1.710473
23	735	1.710473
23	790	1.710473
23	874	1.710473
23	966	1.710473
2	591	1.710219
22	702	1.709674
13	481	1.709237
24	932	1.708881
31	227	1.708733
31	255	1.708733
31	572	1.708733
31	639	1.708733
31	994	1.708733
20	628	1.707997
7	30	1.707378
19	552	1.706960
5	346	1.706707
27	233	1.705396
33	704	1.703895
31	652	1.703893
19	632	1.702420
31	459	1.701368
23	905	1.701277
31	732	1.699644
11	616	1.699555
37	653	1.699325
26	709	1.698843
7	451	1.698124
14	123	1.697665
14	620	1.697665
37	973	1.697614
19	543	1.697262
31	645	1.697016
6	436	1.696943
25	714	1.695835
7	763	1.695826
23	635	1.695599
24	968	1.693978
21	977	1.692854
12	459	1.691861
39	727	1.691655
31	794	1.691646
27	453	1.691531
28	713	1.690779
6	3	1.690416
6	51	1.690416
6	266	1.690416
6	377	1.690416
6	853	1.690416
24	982	1.690264
39	107	1.688713
39	335	1.688713
39	358	1.688713
39	527	1.688713
39	623	1.688713
11	691	1.688300
12	618	1.688223
31	943	1.687996
24	730	1.687939
29	355	1.687856
27	673	1.687788
18	285	1.686974
18	650	1.686974
18	757	1.686974
18	798	1.686974
31	513	1.686827
26	713	1.686751
32	560	1.685766
13	357	1.685066
12	870	1.684600
23	931	1.684556
19	197	1.684500
19	352	1.684500
19	354	1.684500
19	370	1.684500
19	479	1.684500
19	486	1.684500
19	790	1.684500
23	6	1.683536
31	648	1.681753
40	863	1.681648
31	970	1.681588
20	425	1.681532
27	649	1.681279
26	228	1.680770
26	632	1.680770
26	698	1.680770
26	732	1.680770
23	79	1.679929
7	460	1.679913
31	532	1.678220
39	691	1.677530
9	681	1.676689
6	666	1.676446
33	149	1.676189
33	798	1.676189
18	603	1.675827
31	684	1.675302
23	914	1.675205
27	724	1.675187
29	843	1.675069
9	425	1.674691
12	568	1.673824
26	586	1.673648
28	613	1.672919
19	170	1.671929
6	557	1.671840
13	831	1.671595
33	863	1.670369
12	941	1.670263
12	972	1.670263
40	707	1.670051
6	581	1.669547
23	678	1.668754
31	716	1.667393
14	79	1.667350
14	450	1.667350
14	566	1.667350
23	661	1.667202
18	154	1.666649
39	655	1.666493
27	544	1.666371
11	333	1.666231
31	786	1.665965
23	919	1.665781
23	531	1.665003
24	724	1.663476
12	586	1.663185
15	918	1.663096
26	648	1.663078
5	720	1.662719
19	395	1.662624
29	490	1.662474
29	855	1.662474
32	297	1.661335
23	943	1.660653
21	819	1.660609
36	740	1.660026
39	676	1.659216
31	184	1.658477
31	758	1.658477
31	779	1.658477
2	690	1.658078
2	826	1.658078
33	634	1.655994
37	476	1.655924
39	333	1.655601
24	62	1.655478
24	94	1.655478
24	109	1.655478
24	114	1.655478
24	165	1.655478
24	217	1.655478
24	232	1.655478
24	292	1.655478
24	326	1.655478
24	331	1.655478
24	339	1.655478
24	577	1.655478
24	899	1.655478
24	933	1.655478
24	991	1.655478
24	993	1.655478
19	715	1.655457
19	777	1.655457
23	284	1.655296
25	526	1.653650
17	808	1.653590
24	855	1.653513
40	431	1.652951
23	724	1.652631
31	586	1.652620
28	635	1.652553
27	267	1.651256
27	372	1.651256
27	452	1.651256
27	741	1.651256
39	754	1.650977
36	804	1.650594
28	607	1.649684
31	597	1.649655
23	983	1.649243
6	48	1.649187
6	285	1.649187
6	376	1.649187
6	548	1.649187
6	656	1.649187
13	356	1.648434
13	401	1.646852
18	224	1.646808
18	836	1.646808
18	1000	1.646808
29	538	1.645973
26	682	1.645754
5	896	1.645753
32	502	1.645437
39	395	1.644851
39	583	1.644851
18	980	1.644012
40	920	1.641745
31	927	1.641201
6	943	1.641181
37	439	1.639816
26	783	1.638925
28	707	1.638307
2	154	1.638101
14	746	1.638098
8	855	1.636847
15	975	1.636522
33	819	1.636280
6	410	1.635887
6	928	1.635887
39	628	1.635558
23	541	1.635011
2	161	1.634164
33	530	1.633040
19	506	1.632934
23	895	1.632724
15	913	1.632175
13	706	1.630709
6	551	1.630627
23	476	1.629822
21	997	1.629570
6	600	1.629317
23	1	1.629022
23	372	1.629022
23	629	1.629022
23	680	1.629022
23	836	1.629022
31	627	1.628993
26	720	1.628787
12	783	1.628679
14	963	1.628574
31	765	1.628372
2	561	1.628292
13	789	1.628208
31	589	1.626583
23	666	1.625656
27	974	1.625455
19	470	1.625280
19	898	1.625280
6	544	1.624656
24	937	1.624243
39	5	1.623763
39	151	1.623763
39	589	1.623763
39	695	1.623763
33	6	1.623396
33	866	1.623396
24	815	1.622369
8	602	1.622083
23	824	1.622000
24	574	1.621132
13	728	1.620256
39	423	1.619869
21	668	1.619480
24	7	1.618690
24	605	1.618690
31	783	1.618334
31	837	1.617828
8	782	1.617419
23	834	1.616605
6	927	1.615839
31	491	1.615287
9	715	1.615018
32	859	1.614536
11	828	1.613502
10	891	1.612886
27	847	1.612855
5	527	1.612838
26	565	1.612167
26	701	1.612167
33	898	1.610713
36	471	1.610336
6	224	1.609920
6	334	1.609920
6	629	1.609920
6	741	1.609920
6	780	1.609920
6	836	1.609920
6	860	1.609920
6	940	1.609920
25	628	1.609606
19	845	1.609215
12	481	1.608655
18	847	1.608510
18	968	1.608510
22	569	1.607834
24	113	1.605312
24	957	1.605312
8	417	1.604918
13	576	1.604825
17	661	1.604376
23	851	1.603568
23	959	1.603568
20	804	1.603188
29	865	1.602240
24	282	1.602076
22	457	1.602050
6	790	1.601447
19	166	1.600275
19	173	1.600275
19	243	1.600275
19	266	1.600275
19	290	1.600275
19	454	1.600275
19	577	1.600275
19	636	1.600275
19	799	1.600275
19	862	1.600275
2	854	1.599558
1	425	1.599482
40	723	1.598399
40	844	1.598399
18	440	1.597082
19	832	1.596382
31	432	1.595893
26	536	1.595883
39	831	1.595441
29	161	1.594537
27	715	1.594316
31	825	1.594309
31	568	1.593057
32	797	1.592112
1	713	1.591893
31	653	1.591603
39	471	1.591360
23	725	1.591137
23	847	1.591137
19	818	1.590917
29	423	1.590713
29	879	1.590713
31	314	1.590437
18	127	1.590022
18	259	1.590022
23	405	1.589377
24	623	1.589259
10	618	1.588606
7	420	1.588359
8	702	1.587836
31	685	1.587506
6	800	1.587245
26	970	1.585208
24	604	1.584731
18	355	1.583953
18	575	1.583953
23	64	1.583771
23	889	1.583771
28	454	1.583696
24	830	1.583501
31	667	1.583364
39	555	1.583169
31	590	1.583091
25	819	1.582780
14	252	1.582569
24	405	1.582227
22	440	1.582131
2	495	1.580958
26	527	1.579924
6	997	1.579828
13	91	1.579749
13	164	1.579749
13	169	1.579749
13	851	1.579749
13	933	1.579749
39	342	1.578237
1	417	1.577855
24	372	1.576646
32	476	1.576473
12	634	1.576352
27	411	1.576199
27	895	1.576199
24	561	1.576174
8	594	1.575738
8	848	1.575738
23	150	1.575435
31	907	1.574751
17	737	1.573928
11	622	1.573662
6	681	1.573419
39	973	1.573071
6	167	1.572480
6	814	1.572480
6	988	1.572480
1	434	1.572309
18	294	1.571953
18	543	1.571953
19	566	1.571699
19	897	1.571699
24	81	1.571301
27	737	1.569296
19	449	1.568897
24	778	1.568348
13	664	1.568218
25	868	1.567848
20	852	1.567562
40	977	1.567362
17	831	1.567064
31	27	1.566339
31	63	1.566339
31	96	1.566339
31	103	1.566339
31	126	1.566339
31	172	1.566339
31	194	1.566339
31	203	1.566339
31	222	1.566339
31	260	1.566339
31	292	1.566339
31	349	1.566339
31	397	1.566339
31	415	1.566339
31	598	1.566339
31	670	1.566339
31	680	1.566339
31	741	1.566339
31	860	1.566339
31	948	1.566339
31	989	1.566339
6	30	1.566053
5	671	1.565862
22	434	1.565448
36	926	1.565219
14	754	1.564887
14	845	1.564887
5	417	1.564481
23	447	1.564457
26	765	1.564281
13	723	1.564108
9	978	1.564080
18	635	1.563752
39	82	1.563623
39	280	1.563623
39	802	1.563623
39	889	1.563623
39	985	1.563623
32	904	1.563165
24	409	1.563113
2	858	1.562786
33	509	1.561904
36	618	1.561853
18	857	1.561812
9	799	1.561184
8	886	1.560872
6	665	1.560384
14	978	1.559080
1	747	1.558613
5	553	1.558297
24	351	1.558097
24	779	1.558097
24	939	1.558097
23	547	1.557647
29	613	1.557106
21	703	1.556821
14	843	1.556193
23	113	1.554975
23	153	1.554975
23	205	1.554975
23	369	1.554975
23	497	1.554975
23	817	1.554975
23	884	1.554975
31	961	1.554562
12	530	1.554502
11	453	1.554471
11	650	1.554471
11	826	1.554471
20	603	1.553751
24	581	1.553288
27	533	1.552674
28	333	1.552644
9	813	1.552559
39	927	1.552126
24	974	1.552011
22	599	1.551812
36	881	1.550736
23	557	1.550703
33	855	1.550160
33	961	1.550160
26	333	1.548945
23	675	1.548273
1	837	1.547827
14	813	1.547595
23	594	1.547571
22	863	1.546424
19	976	1.546301
25	424	1.545971
24	635	1.543194
1	707	1.542489
32	910	1.542136
26	924	1.541389
27	605	1.541172
29	747	1.540830
2	630	1.537539
13	608	1.537053
18	442	1.537021
6	174	1.536742
6	522	1.536742
6	572	1.536742
6	785	1.536742
6	884	1.536742
37	976	1.536673
32	460	1.536623
22	707	1.535759
32	930	1.535251
39	104	1.535194
39	895	1.535194
23	462	1.535040
23	645	1.534538
26	396	1.533907
34	681	1.533724
24	585	1.533496
31	805	1.533363
23	717	1.532971
23	886	1.532971
19	597	1.532178
29	983	1.531934
31	727	1.530864
22	547	1.530481
31	814	1.529913
27	595	1.529840
27	602	1.529840
21	150	1.529509
13	654	1.528790
14	661	1.528404
24	116	1.528134
24	302	1.528134
24	567	1.528134
24	688	1.528134
24	849	1.528134
24	912	1.528134
24	934	1.528134
2	592	1.527667
2	916	1.527667
12	439	1.527283
23	118	1.527208
23	340	1.527208
23	483	1.527208
23	958	1.527208
18	414	1.526842
31	644	1.525880
18	511	1.525719
24	649	1.525047
7	832	1.524593
27	792	1.524237
19	89	1.524072
19	426	1.524072
19	629	1.524072
18	591	1.522521
5	177	1.521545
5	761	1.521545
21	734	1.520616
23	442	1.520420
23	867	1.520420
13	490	1.520360
20	926	1.520265
22	431	1.520034
6	916	1.519475
31	439	1.517581
13	955	1.516559
14	971	1.516476
23	763	1.516048
37	457	1.515945
23	973	1.515827
24	751	1.515184
18	664	1.514583
18	832	1.514583
8	544	1.514439
28	769	1.513086
34	796	1.512071
23	459	1.511409
13	776	1.511065
37	400	1.510511
12	729	1.509661
24	511	1.509407
23	256	1.509241
23	705	1.509241
32	370	1.508317
32	621	1.508317
32	655	1.508317
39	79	1.507780
39	218	1.507780
39	554	1.507780
39	756	1.507780
27	160	1.507669
27	168	1.507669
27	504	1.507669
27	667	1.507669
19	910	1.506986
14	236	1.505993
14	282	1.505993
23	859	1.505698
24	841	1.504980
13	417	1.504523
18	163	1.503607
18	667	1.503607
24	553	1.503526
6	670	1.502592
6	687	1.502592
23	608	1.502442
2	414	1.500689
19	791	1.500258
37	881	1.499760
40	668	1.499427
40	700	1.499427
12	584	1.498136
33	628	1.497612
9	440	1.497405
11	672	1.497405
7	400	1.497271
23	853	1.496664
31	754	1.496335
23	844	1.495958
6	892	1.495944
7	681	1.495484
17	981	1.495340
24	913	1.494987
23	971	1.494845
33	865	1.493995
31	949	1.491751
8	74	1.490563
26	624	1.490494
26	821	1.490494
26	886	1.490494
6	793	1.490390
31	48	1.489932
37	962	1.489161
19	988	1.488628
14	913	1.487993
39	603	1.487853
18	709	1.487440
18	801	1.487440
23	348	1.487368
23	504	1.487368
14	112	1.487058
13	364	1.486823
32	786	1.485221
12	744	1.484912
31	59	1.483900
18	425	1.483894
18	744	1.482750
23	552	1.482410
32	459	1.482312
32	675	1.482312
13	402	1.482234
11	963	1.482170
14	1	1.482089
14	949	1.482089
9	434	1.481616
39	463	1.481327
39	818	1.481327
31	967	1.481212
24	692	1.480850
24	149	1.480509
23	5	1.480217
23	695	1.480217
28	997	1.480090
5	286	1.479668
5	767	1.479668
19	647	1.479573
19	634	1.478166
2	667	1.477852
2	776	1.477852
24	608	1.476508
39	661	1.476368
1	844	1.476310
27	345	1.475591
11	863	1.475308
6	794	1.475272
14	467	1.474288
23	799	1.472907
31	618	1.472022
18	228	1.471616
18	258	1.471616
18	448	1.471616
18	632	1.471616
18	698	1.471616
18	732	1.471616
18	944	1.471616
24	35	1.471536
24	37	1.471536
24	222	1.471536
24	807	1.471536
24	902	1.471536
23	709	1.471374
27	104	1.471119
28	668	1.470925
31	873	1.470441
6	168	1.469927
6	336	1.469927
6	348	1.469927
6	504	1.469927
6	601	1.469927
6	689	1.469927
31	119	1.468443
31	899	1.468443
31	952	1.468443
15	400	1.468373
18	868	1.468145
28	622	1.466386
5	418	1.466216
5	843	1.466216
10	611	1.465678
33	823	1.465673
27	800	1.465199
11	715	1.465134
1	891	1.465028
15	425	1.464873
12	878	1.464596
19	453	1.463666
37	797	1.463308
2	709	1.461961
2	905	1.461961
39	975	1.461603
24	403	1.461260
18	859	1.461252
14	491	1.458931
31	127	1.458316
8	458	1.457731
26	644	1.457494
28	789	1.457389
23	910	1.457353
24	476	1.457081
18	648	1.456125
39	182	1.455787
39	380	1.455787
39	777	1.455787
39	996	1.455787
24	460	1.455756
19	113	1.454796
19	307	1.454796
19	441	1.454796
19	649	1.454796
19	841	1.454796
19	911	1.454796
19	957	1.454796
6	492	1.454122
7	793	1.453846
5	74	1.453007
32	420	1.452878
33	646	1.451911
33	859	1.451911
23	649	1.451310
10	476	1.451280
17	820	1.451064
25	831	1.449348
5	561	1.448657
31	545	1.448569
24	169	1.448544
9	542	1.448521
28	826	1.448503
2	975	1.448335
7	983	1.447131
36	445	1.446736
31	69	1.445851
31	249	1.445851
31	283	1.445851
31	956	1.445851
40	921	1.445716
9	740	1.445210
29	333	1.445157
26	650	1.445052
27	450	1.444849
27	682	1.444849
23	499	1.443906
12	927	1.443058
1	857	1.442974
18	407	1.442388
40	661	1.441413
8	599	1.441224
36	611	1.440995
36	753	1.440995
24	60	1.439546
24	947	1.439546
24	967	1.439546
33	679	1.438739
6	228	1.438652
6	698	1.438652
6	944	1.438652
9	906	1.438634
13	451	1.438471
24	2	1.437096
24	972	1.437096
33	727	1.436734
14	938	1.436486
26	620	1.436294
26	674	1.436294
