31	904	1198.923112
27	917	777.702760
31	923	657.610162
13	891	653.973092
13	982	613.494490
27	923	561.619829
19	917	517.833487
27	484	504.835356
8	982	478.022803
24	983	452.244963
13	431	417.242250
31	820	411.138740
19	923	401.312512
31	611	391.211509
23	882	378.462537
19	484	377.773119
27	531	342.336352
31	679	329.131470
31	770	311.985184
31	407	309.349402
24	796	304.142263
31	982	303.589643
24	782	283.970848
24	917	242.270180
31	488	242.240853
27	922	239.140068
23	918	238.444236
24	881	218.608413
31	782	217.319164
31	855	213.122860
13	855	208.205473
31	835	207.881233
19	531	200.334212
31	881	196.556593
23	922	194.421697
31	979	193.518750
27	770	191.047664
31	630	190.299907
39	331	189.437959
29	982	187.257138
31	926	184.782599
13	703	184.116986
31	891	182.032421
31	971	181.151036
31	484	175.364510
13	221	175.300705
13	647	175.248513
24	672	172.486030
27	609	171.263692
31	431	171.094668
13	747	168.097588
31	981	163.604870
31	420	152.992424
27	294	150.344678
31	863	148.737896
19	922	145.443851
31	796	144.169529
26	425	138.665171
13	820	130.148875
24	740	130.126304
39	221	129.720401
23	612	129.293360
27	637	128.077343
31	703	127.587718
31	561	126.510451
31	161	125.846889
24	820	125.463992
19	770	124.054243
39	407	123.345505
24	806	123.254599
31	400	122.285861
19	609	120.352921
31	550	119.655461
19	294	119.214087
31	645	118.692304
24	702	112.146194
24	752	111.889492
13	863	110.737948
31	661	110.172852
13	917	109.124462
24	112	109.030790
24	445	108.486999
14	148	108.123188
31	786	106.548836
31	618	105.089577
23	904	105.065275
13	440	102.782908
31	609	101.469755
23	329	98.973597
23	719	98.890603
24	904	98.595509
19	637	97.370264
24	982	94.883128
31	569	92.145304
31	907	89.975684
31	819	87.306033
13	161	86.689399
13	646	85.641973
13	866	85.409126
31	672	85.281947
31	445	84.736158
14	960	82.536887
31	918	81.649241
5	982	81.638461
23	917	81.516117
31	551	81.457671
9	982	81.177539
2	739	80.771729
27	645	80.737293
13	843	79.021154
23	401	78.177676
31	646	77.331188
24	973	77.118536
23	500	75.875520
23	782	74.381740
13	971	73.323198
31	693	73.200905
31	763	72.970886
31	983	72.369537
27	459	72.258103
27	727	71.743890
31	433	71.690306
31	294	71.490972
24	855	71.333851
31	893	71.142991
24	591	69.791039
13	230	69.626917
13	616	68.704393
31	112	68.588331
31	799	68.500800
13	753	68.492679
27	793	68.236119
24	769	68.098629
8	891	67.905363
24	679	67.686355
13	401	67.293250
13	681	67.182051
19	407	67.025131
24	661	66.870969
2	236	66.462652
31	563	66.144623
23	982	66.082161
29	891	65.884261
13	630	65.849526
11	727	65.814911
31	962	65.601410
13	922	64.582242
13	763	64.475893
24	971	64.230425
24	918	64.206149
31	941	64.125106
37	981	63.625641
31	837	63.319867
31	973	62.164166
31	842	62.082558
24	727	61.589272
31	909	61.396948
31	460	61.331641
19	820	61.312926
13	861	61.085545
31	516	61.014155
27	798	60.972990
31	30	60.814281
31	702	60.764091
31	440	60.262010
21	981	60.168981
23	407	59.816102
31	868	59.575406
24	401	59.560889
23	530	59.370835
27	820	59.087335
39	689	58.947351
24	981	58.895547
24	530	58.887280
13	550	57.803933
31	177	57.584125
24	923	57.039053
39	980	56.899779
31	713	56.822474
27	39	56.769029
2	673	56.278373
5	855	55.985119
6	973	55.684085
23	108	55.196180
19	727	55.130965
31	930	54.158284
24	979	53.769580
31	978	53.409911
23	868	53.193552
31	591	53.157176
25	490	53.149038
24	430	53.080866
13	793	52.443311
23	402	52.402458
29	434	51.850619
31	888	51.773949
13	923	51.686170
23	112	51.169304
13	683	50.987443
24	484	50.944061
31	815	49.912833
24	500	49.830780
24	742	49.695950
27	599	49.594322
39	264	49.588157
31	637	49.541925
2	538	49.541293
31	727	49.534429
27	34	49.273117
24	803	49.013672
24	563	48.949567
31	652	48.831064
27	550	48.797595
25	650	48.702970
24	835	48.465226
29	863	48.395367
31	568	48.087363
39	571	48.055480
31	634	47.960550
24	407	47.919733
14	404	47.600465
31	706	47.433307
31	734	47.154380
19	39	47.056863
19	459	46.966348
31	542	46.931538
24	177	46.390868
27	401	46.252485
14	982	45.978229
2	340	45.314712
31	628	44.950298
31	740	44.915955
39	917	44.851449
31	747	44.805692
31	643	44.790876
31	684	44.365557
24	926	44.185573
13	679	44.048202
23	909	43.915970
31	409	43.591509
24	488	43.014199
31	882	42.921074
18	981	42.859058
8	431	42.795473
14	921	42.400443
31	606	42.165867
13	904	42.025616
27	891	41.973535
39	981	41.091010
25	756	41.057474
27	530	40.712924
31	753	40.680546
13	612	40.539527
31	508	40.506147
24	502	40.409631
31	461	40.294668
23	661	40.265090
14	526	40.063125
29	647	39.808132
24	612	39.646550
13	407	39.606036
39	855	39.485360
27	679	39.436530
23	891	39.099528
31	970	39.066809
31	976	38.981165
23	148	38.888898
13	796	38.828809
13	905	38.745316
39	467	38.441079
31	866	38.155395
24	681	38.117132
23	806	38.020575
31	471	37.860467
19	798	37.854794
13	417	37.804616
13	421	37.791388
39	982	37.620674
23	531	37.578072
23	403	37.543789
27	601	37.493032
14	604	37.485700
27	508	37.227648
31	624	37.192175
31	924	37.126862
13	591	37.083416
14	904	36.966213
14	591	36.935144
24	579	36.676629
13	214	36.448186
24	461	36.435048
13	477	36.393465
32	684	36.373234
13	434	36.307910
2	981	36.304335
31	839	36.194458
18	487	36.096749
23	566	35.956963
19	983	35.806578
23	748	35.802894
13	919	35.567135
19	645	35.472703
13	831	35.145318
13	476	35.041375
14	739	34.835583
27	750	34.740961
13	882	34.697002
27	983	34.680517
13	420	34.614267
31	329	34.542390
27	863	34.504491
13	611	34.467702
24	734	34.466516
19	34	34.444688
27	973	34.443185
24	550	34.416474
19	750	34.381729
31	502	34.309937
31	823	34.092999
13	568	33.814243
14	855	33.801515
24	882	33.750635
31	827	33.668693
24	713	33.577205
31	775	33.561042
13	389	33.374651
5	863	33.335888
19	530	33.202167
24	723	33.193176
27	612	33.149682
31	616	33.057048
31	794	33.042825
13	797	32.872294
8	703	32.831875
8	753	32.820880
1	855	32.782322
31	752	32.772807
27	962	32.622246
31	963	32.590188
14	694	32.519512
23	737	32.404885
14	570	32.398237
13	599	32.397746
31	417	32.356589
31	421	32.344967
27	788	32.328851
14	409	32.035008
31	459	31.859426
31	683	31.840132
13	692	31.798379
24	739	31.694445
26	681	31.679138
5	221	31.663701
31	762	31.639069
31	927	31.512161
39	820	31.476738
31	509	31.442656
23	681	31.423367
31	632	31.315471
8	561	31.309165
23	161	31.250585
24	828	31.199109
26	941	31.161953
19	599	30.887409
19	508	30.852952
32	835	30.732230
31	487	30.715356
31	719	30.670401
24	650	30.631864
23	620	30.327079
19	550	30.319110
32	568	30.311017
13	918	30.236808
31	928	30.231353
23	600	30.229891
13	981	30.223317
31	39	30.178323
25	815	29.995724
19	793	29.942525
9	530	29.843622
5	161	29.783459
31	449	29.768131
14	473	29.561601
17	542	29.468227
31	865	29.407263
39	904	29.347869
31	750	29.341076
26	49	29.301140
26	740	29.273261
14	981	29.245842
24	424	29.241947
2	791	29.186494
27	835	29.089536
31	650	29.003521
24	631	28.990949
12	681	28.885845
23	869	28.859469
24	652	28.840218
13	973	28.755325
27	740	28.748764
24	402	28.659283
31	586	28.556881
24	400	28.531804
13	530	28.476655
25	492	28.444510
19	672	28.422100
14	628	28.414250
23	618	28.368740
24	206	28.310989
24	805	28.271873
31	148	28.245628
27	663	28.177216
13	734	28.039095
31	537	27.990455
24	986	27.850138
6	757	27.814029
31	830	27.742738
24	748	27.742523
19	401	27.678392
9	490	27.654511
39	804	27.584726
24	783	27.481020
24	819	27.417315
31	404	27.297712
23	550	27.251537
31	715	27.218753
27	644	27.030936
31	857	26.990425
26	771	26.957003
19	612	26.921459
13	980	26.763060
31	862	26.538025
31	783	26.532049
24	759	26.518618
14	815	26.406001
31	614	26.387412
21	161	26.376327
23	591	26.375783
24	963	26.331555
39	983	26.203261
31	601	26.089779
13	909	26.086127
27	703	26.071606
11	538	25.969031
39	979	25.941486
31	570	25.761922
31	732	25.696438
9	753	25.677342
31	822	25.653888
23	233	25.619857
31	579	25.594352
24	433	25.538738
39	570	25.448706
29	820	25.399576
2	31	25.362357
24	907	25.352411
19	601	25.329510
31	653	25.274551
14	856	25.270916
39	806	25.232048
31	831	25.110534
24	905	25.052304
31	980	25.051981
32	940	25.019262
25	979	24.980867
13	661	24.819097
28	449	24.782334
27	982	24.713438
14	380	24.707834
31	451	24.705205
19	403	24.693440
24	551	24.585975
2	385	24.558719
24	893	24.558566
24	611	24.536846
31	613	24.504967
14	818	24.460368
13	148	24.434650
13	403	24.374021
2	959	24.122518
24	273	24.074350
23	983	24.058849
13	786	24.045234
37	793	24.017269
31	552	23.980206
31	769	23.911280
13	770	23.853617
13	830	23.809616
27	618	23.796309
23	481	23.721677
31	846	23.684532
27	758	23.683779
13	723	23.664375
13	547	23.629999
24	643	23.622711
27	827	23.601597
39	499	23.430094
39	978	23.416754
39	557	23.416458
8	161	23.380300
24	647	23.351995
31	977	23.305973
31	149	23.279234
5	820	23.260075
31	663	23.220941
29	431	23.176356
31	906	23.075742
27	425	23.034774
40	975	23.005963
31	476	22.925309
24	906	22.870905
29	753	22.799175
19	971	22.793459
24	517	22.724679
24	440	22.669211
2	855	22.663912
31	999	22.611002
13	457	22.604648
19	815	22.576908
19	827	22.569234
21	538	22.530812
31	644	22.504723
2	978	22.487968
14	610	22.455121
27	392	22.348900
27	275	22.278862
27	431	22.252555
23	739	22.219189
27	466	22.204003
24	645	22.164962
13	500	22.135056
13	977	22.098989
31	619	22.003523
24	30	21.910537
24	880	21.857444
27	837	21.850120
19	962	21.824724
23	740	21.810084
21	978	21.789996
31	804	21.786779
24	625	21.786650
25	148	21.754769
23	461	21.693521
21	854	21.607187
27	882	21.600716
14	834	21.549738
19	796	21.510029
24	161	21.488793
39	786	21.383990
23	803	21.375788
39	918	21.214401
13	644	21.211605
13	698	21.062554
17	740	21.057432
13	727	21.055670
14	698	21.054543
23	770	21.004011
27	748	20.965851
19	561	20.922596
23	440	20.914993
23	759	20.906442
40	341	20.835059
13	803	20.817021
25	518	20.787857
31	737	20.782132
11	793	20.758209
24	426	20.727981
13	672	20.693966
26	907	20.653423
32	917	20.632911
24	660	20.620110
13	436	20.492400
31	439	20.431757
19	644	20.360209
19	782	20.357409
26	569	20.321147
21	914	20.312881
27	976	20.293667
8	555	20.260644
39	706	20.220606
24	298	20.207881
23	518	20.194610
31	506	20.169132
31	574	20.167631
27	643	20.140110
19	863	20.102874
9	698	20.098653
27	282	20.076668
13	460	20.048921
31	801	19.963231
39	152	19.961164
39	160	19.961164
8	440	19.960592
40	857	19.951350
31	530	19.950167
24	606	19.926883
9	737	19.893268
23	946	19.857372
27	815	19.826186
11	509	19.728036
21	148	19.613262
25	622	19.608042
26	969	19.591983
31	723	19.583993
19	392	19.563879
24	609	19.558748
31	526	19.499448
27	811	19.480193
31	861	19.457956
27	314	19.457136
39	550	19.455936
24	683	19.382965
13	590	19.357380
2	13	19.331430
23	387	19.305325
24	930	19.270107
27	971	19.236492
27	513	19.211177
31	490	19.210094
27	131	19.137583
39	837	19.112345
31	936	19.057831
39	963	19.004803
26	763	18.998124
18	490	18.932880
26	462	18.897526
31	230	18.879665
31	771	18.831211
19	788	18.777205
23	635	18.755661
20	355	18.753256
21	976	18.743379
36	930	18.639218
29	974	18.621495
24	795	18.618451
39	604	18.573807
31	590	18.572881
31	660	18.567952
19	878	18.566925
31	221	18.517345
31	699	18.473480
24	451	18.470339
31	603	18.451504
31	682	18.417843
19	628	18.396134
27	557	18.309143
25	861	18.293715
39	964	18.232866
23	971	18.190839
31	681	18.185259
24	941	18.168407
21	561	18.144538
31	541	18.134224
31	914	18.121414
14	284	18.084494
32	545	18.012688
24	259	17.985512
19	918	17.917581
27	476	17.879445
31	422	17.839200
11	881	17.815940
2	964	17.695573
24	599	17.663875
19	976	17.662996
21	973	17.651315
31	929	17.650530
31	499	17.637082
31	798	17.636639
24	866	17.629899
40	872	17.608934
24	842	17.608642
31	809	17.600417
27	611	17.599946
39	472	17.589967
24	990	17.524873
27	30	17.506681
14	848	17.456360
5	703	17.450517
29	703	17.348821
13	997	17.314623
24	546	17.309131
13	555	17.307257
23	411	17.299128
2	946	17.297659
2	782	17.293820
25	751	17.286900
14	531	17.277517
6	782	17.220117
28	584	17.195774
14	865	17.187231
24	597	17.139087
39	518	17.129642
13	804	17.090774
19	868	17.014834
23	585	16.889506
17	543	16.884888
2	159	16.877188
40	978	16.858565
23	509	16.852996
27	723	16.828582
33	221	16.791140
32	962	16.765186
27	823	16.635304
33	747	16.630777
23	786	16.615751
27	771	16.551372
23	488	16.450816
5	440	16.426916
40	647	16.409375
31	600	16.380895
23	116	16.376991
23	912	16.376991
8	646	16.366938
13	650	16.347316
13	976	16.342777
19	431	16.342419
19	855	16.332531
31	905	16.300747
32	783	16.296593
28	962	16.286692
13	979	16.216729
24	845	16.179819
31	805	16.159538
31	482	16.139803
19	314	16.129791
13	962	16.063085
24	862	16.019770
28	547	15.943755
19	663	15.926207
31	896	15.886710
28	170	15.859568
23	609	15.850098
14	618	15.842642
27	918	15.836150
31	341	15.830318
19	837	15.810283
5	647	15.793914
24	420	15.781216
24	898	15.759105
5	838	15.757843
24	793	15.740416
31	635	15.600356
24	535	15.596332
19	979	15.590262
23	973	15.561224
24	825	15.551693
19	574	15.545331
13	574	15.519293
32	740	15.505365
31	531	15.499160
31	298	15.496167
23	888	15.477822
23	645	15.466521
7	737	15.460633
13	461	15.438716
19	553	15.435800
26	578	15.413557
23	538	15.332267
36	997	15.310616
23	923	15.283034
31	691	15.257153
24	221	15.251805
31	666	15.246562
27	208	15.231090
39	679	15.130452
14	740	15.081854
26	551	15.047955
13	970	15.042573
19	891	15.040929
31	474	15.027516
24	770	15.007481
23	468	15.000897
19	275	14.995910
23	441	14.959777
27	859	14.948420
27	108	14.927725
21	979	14.921423
24	342	14.913616
19	2	14.908015
31	834	14.888941
13	645	14.875924
27	414	14.840397
14	725	14.834758
39	613	14.824465
13	355	14.821632
24	418	14.792889
18	913	14.778254
5	891	14.751748
22	333	14.701913
19	409	14.696455
31	872	14.633971
25	745	14.611939
25	764	14.611939
27	909	14.610487
28	740	14.581105
19	513	14.578050
31	517	14.560115
23	30	14.526831
13	800	14.523068
12	290	14.507166
31	748	14.502953
13	108	14.473199
26	971	14.441998
19	551	14.389905
14	919	14.379291
13	978	14.365183
24	665	14.349209
27	538	14.288232
31	418	14.281386
31	895	14.281386
23	546	14.274863
27	857	14.240348
14	868	14.229843
14	820	14.221268
13	739	14.181402
18	155	14.177606
25	570	14.136034
31	676	14.133508
31	797	14.124296
23	607	14.123604
24	707	14.114646
39	254	14.094999
13	215	14.082185
14	510	14.081163
19	282	14.072489
31	604	14.070168
13	845	14.055172
25	597	14.026712
23	501	14.023243
2	982	14.018149
23	631	13.980526
21	725	13.965228
39	835	13.940587
8	647	13.915115
31	813	13.903035
27	763	13.865983
14	671	13.861180
1	296	13.855515
32	820	13.848931
39	878	13.817485
13	265	13.816552
23	551	13.806657
5	866	13.779567
40	409	13.761687
32	837	13.755034
24	449	13.723444
21	867	13.693437
18	530	13.684446
24	578	13.634292
39	922	13.632617
36	105	13.629833
31	556	13.628028
23	297	13.624086
19	131	13.586546
19	758	13.586546
31	491	13.570331
39	923	13.561456
26	407	13.553530
5	215	13.549708
13	481	13.494366
8	863	13.490316
14	756	13.484595
19	286	13.477655
31	34	13.455823
24	689	13.455204
5	434	13.440979
5	230	13.436366
32	941	13.432709
24	160	13.407804
26	110	13.343630
14	499	13.327958
27	980	13.314326
27	828	13.304900
18	841	13.267564
31	803	13.260208
23	679	13.258021
23	346	13.228708
32	982	13.218186
20	955	13.217361
26	653	13.208848
24	765	13.205986
14	558	13.200988
23	476	13.175536
31	503	13.175507
23	707	13.130430
27	796	13.126366
13	501	13.121882
23	163	13.115181
24	786	13.111157
27	547	13.080548
5	574	13.080126
27	919	13.059060
2	228	13.035010
27	879	12.978726
31	405	12.916637
19	404	12.883355
24	561	12.877776
23	390	12.849808
31	108	12.828364
39	759	12.820012
31	754	12.817465
31	943	12.802223
2	224	12.722692
24	831	12.715989
39	530	12.715905
27	635	12.702470
23	581	12.692938
24	732	12.663056
31	725	12.650990
23	986	12.579092
39	389	12.570085
13	634	12.515320
19	208	12.515162
31	1	12.504816
13	910	12.485082
22	452	12.468041
24	271	12.467037
23	919	12.457933
28	557	12.451334
23	742	12.445502
31	269	12.432030
6	723	12.427572
19	811	12.418095
2	449	12.408699
28	504	12.408555
31	597	12.397412
31	648	12.397412
37	538	12.396536
24	509	12.389405
31	615	12.378367
26	782	12.365664
40	699	12.353025
23	540	12.351741
27	979	12.316158
9	821	12.295501
24	386	12.286221
24	632	12.274888
13	484	12.270762
32	922	12.264867
27	569	12.231490
15	973	12.227884
31	236	12.196273
24	491	12.193696
39	209	12.164285
13	826	12.152936
23	425	12.151369
27	440	12.143229
16	972	12.142975
23	905	12.139020
24	891	12.134418
23	926	12.122071
21	409	12.121945
2	540	12.111564
31	961	12.098952
24	764	12.091695
27	647	12.090393
6	407	12.084011
31	406	12.074878
24	406	12.064441
23	798	12.055645
4	195	12.046590
24	108	11.935910
31	742	11.926598
31	492	11.925531
24	699	11.897197
24	513	11.895394
34	568	11.891409
18	449	11.890724
31	640	11.884853
14	979	11.879513
13	531	11.875379
27	873	11.869319
11	385	11.865368
11	855	11.861374
39	611	11.858864
13	926	11.849199
20	903	11.846250
31	548	11.844861
13	805	11.826591
22	982	11.825001
24	380	11.805924
21	236	11.804789
12	225	11.767868
23	490	11.767206
27	878	11.748627
27	478	11.698945
13	719	11.683167
37	747	11.650826
13	257	11.643748
21	149	11.642749
14	975	11.632194
23	592	11.622059
24	811	11.597942
2	729	11.560423
19	440	11.548590
24	648	11.543577
36	614	11.505472
31	296	11.495414
19	771	11.484403
20	150	11.473627
33	227	11.468961
32	682	11.443649
31	765	11.424351
21	702	11.423655
31	768	11.418373
23	187	11.417179
13	170	11.416674
25	675	11.401982
26	775	11.397807
24	607	11.391163
1	801	11.299090
25	664	11.290397
29	276	11.277893
2	924	11.256511
23	351	11.237887
24	458	11.211237
5	983	11.191628
31	512	11.156845
18	528	11.103877
6	530	11.103434
23	520	11.096347
31	562	11.086330
19	711	11.075136
25	574	11.069812
29	876	11.064606
11	803	11.042232
5	747	11.025611
22	421	11.002878
25	982	10.983919
28	727	10.971206
13	751	10.965185
11	464	10.892645
37	568	10.863553
8	831	10.848080
31	984	10.846632
11	862	10.835748
6	756	10.826362
19	859	10.811692
31	524	10.801590
19	557	10.801216
24	439	10.785003
19	589	10.784044
19	509	10.780658
12	896	10.770855
27	147	10.768517
24	667	10.731187
14	679	10.730748
40	971	10.728564
37	346	10.722559
31	478	10.685813
31	848	10.685232
22	584	10.684321
17	748	10.683463
9	561	10.676365
31	334	10.644272
24	676	10.640895
39	112	10.639641
19	30	10.632450
39	460	10.630062
23	653	10.627682
32	754	10.597701
14	643	10.597325
21	647	10.594879
14	748	10.588719
24	474	10.587840
24	527	10.587840
32	973	10.559113
6	194	10.557327
24	848	10.550177
23	763	10.548709
31	986	10.526400
19	668	10.525099
25	740	10.505667
24	720	10.498137
26	888	10.498025
27	653	10.489999
14	907	10.483351
16	249	10.477428
24	684	10.470705
31	463	10.457473
27	561	10.448189
23	295	10.441385
33	599	10.434868
27	861	10.434138
31	362	10.427655
31	522	10.422406
32	667	10.420170
23	650	10.408271
23	561	10.381955
23	373	10.370931
2	546	10.370916
31	858	10.363090
24	622	10.350332
14	887	10.349819
24	821	10.338871
24	387	10.327342
11	710	10.326289
23	149	10.325132
27	701	10.315109
31	513	10.311022
31	647	10.309196
6	568	10.302882
32	693	10.299380
27	400	10.275547
31	828	10.265820
39	425	10.256544
23	901	10.251460
27	523	10.248229
15	16	10.245931
11	997	10.243283
28	698	10.236138
13	869	10.212917
6	981	10.204000
20	432	10.187246
12	191	10.184358
23	2	10.164148
26	400	10.158491
31	746	10.157904
31	458	10.142947
13	930	10.124009
24	823	10.112013
14	629	10.111851
19	763	10.100202
27	804	10.094754
24	846	10.074268
31	873	10.059672
24	620	10.033130
2	740	10.017403
27	589	10.010385
24	936	10.008521
13	451	10.008281
25	583	9.999048
2	175	9.998996
2	293	9.998996
2	367	9.998996
40	683	9.989018
13	544	9.986909
6	740	9.985716
8	276	9.971415
31	555	9.964710
13	606	9.963341
40	396	9.934068
24	675	9.914778
19	547	9.895504
24	997	9.890980
14	676	9.879178
11	105	9.868912
11	711	9.868912
24	664	9.867839
21	130	9.854615
27	628	9.838306
23	863	9.836962
23	907	9.813127
32	112	9.807577
14	835	9.803877
37	102	9.797755
8	177	9.776463
24	943	9.762782
29	389	9.757506
26	798	9.739100
27	2	9.718034
13	546	9.714392
24	431	9.712416
19	828	9.703625
31	958	9.690777
24	815	9.679539
31	759	9.665658
18	597	9.658972
6	545	9.654287
19	822	9.653342
12	791	9.649091
6	584	9.647605
13	652	9.618224
14	512	9.615146
19	478	9.614283
24	485	9.610568
23	837	9.607052
13	329	9.602760
27	608	9.590540
26	167	9.588591
19	879	9.583775
24	562	9.581321
31	386	9.572927
13	463	9.570623
26	900	9.569320
1	729	9.557693
29	724	9.538630
26	827	9.534569
33	389	9.499134
34	540	9.463157
19	973	9.460480
31	610	9.458036
11	568	9.453800
13	82	9.453409
24	602	9.442927
31	843	9.442389
13	893	9.440820
11	829	9.436690
40	68	9.431235
12	698	9.416012
24	127	9.408092
37	136	9.382339
27	37	9.376314
19	293	9.371553
27	694	9.363804
25	635	9.361385
19	476	9.360313
6	846	9.352617
19	823	9.328960
18	431	9.327143
2	922	9.326127
31	717	9.322384
39	645	9.308314
24	719	9.304273
40	440	9.302678
17	607	9.300801
34	319	9.290212
23	235	9.281627
23	855	9.267149
34	720	9.256994
31	545	9.249327
7	188	9.248833
27	471	9.242485
37	437	9.240551
13	794	9.232690
31	351	9.228979
14	863	9.221897
2	349	9.221307
2	598	9.221307
13	686	9.218459
23	48	9.217944
31	687	9.205689
26	661	9.202110
39	283	9.201975
30	204	9.199148
27	672	9.198178
31	475	9.183257
12	904	9.174107
32	979	9.154928
27	832	9.153282
13	975	9.146828
31	667	9.138035
13	453	9.123082
13	965	9.123082
24	910	9.108909
24	635	9.100515
27	797	9.093057
14	498	9.090467
21	526	9.088905
23	698	9.082691
14	469	9.069617
31	436	9.068329
31	485	9.065626
2	401	9.061207
28	982	9.057630
22	214	9.057218
10	229	9.055445
40	815	9.053476
25	913	9.050553
24	767	9.042000
13	693	9.035855
2	346	9.033713
24	466	9.030097
40	149	9.023962
19	657	9.014797
26	967	9.014024
27	159	9.007457
39	887	9.006223
31	297	8.998961
35	982	8.994663
31	617	8.983375
13	298	8.971525
13	936	8.971525
23	432	8.965450
27	563	8.952306
14	149	8.948254
13	941	8.947308
23	586	8.946053
6	681	8.938282
31	494	8.923417
20	982	8.909313
31	467	8.908427
6	660	8.892601
2	226	8.886243
39	469	8.886188
27	646	8.878440
19	694	8.866253
26	820	8.858524
8	971	8.837522
31	566	8.830567
13	735	8.828525
28	224	8.822847
37	223	8.801120
25	414	8.796974
10	811	8.794357
14	400	8.789109
31	636	8.782904
23	377	8.778299
11	905	8.770360
31	65	8.770195
31	714	8.768488
31	247	8.767692
31	265	8.767692
15	865	8.765165
2	976	8.760104
31	913	8.752978
24	766	8.726368
24	959	8.726368
19	832	8.725348
26	855	8.714735
14	909	8.698553
32	983	8.689991
27	127	8.687552
2	971	8.687507
27	199	8.683826
27	293	8.683826
13	748	8.677622
9	527	8.675962
23	870	8.674761
14	476	8.665226
21	445	8.664637
29	440	8.642511
36	831	8.634944
33	820	8.629066
13	583	8.621332
24	913	8.611419
24	822	8.607316
39	174	8.602175
13	706	8.600370
39	734	8.599993
19	812	8.581749
5	366	8.573260
27	457	8.558034
24	802	8.553514
24	872	8.548138
19	734	8.545000
14	650	8.540964
6	590	8.535047
31	346	8.521740
31	838	8.511135
13	561	8.507294
39	747	8.500468
2	380	8.498916
24	552	8.496910
31	627	8.496333
32	965	8.493127
39	886	8.491246
23	753	8.472846
15	260	8.471898
23	449	8.471746
39	409	8.453392
19	616	8.440390
19	147	8.438641
39	973	8.437177
23	793	8.430322
12	193	8.426616
12	270	8.426616
24	698	8.421205
26	531	8.416880
22	425	8.411682
31	810	8.411666
24	743	8.409027
13	924	8.406253
23	535	8.406157
24	421	8.406113
39	661	8.390135
31	528	8.380963
24	964	8.380125
19	471	8.376349
26	906	8.364491
13	575	8.362781
2	681	8.361592
13	765	8.357415
24	316	8.354888
40	511	8.352173
23	450	8.345778
37	270	8.340440
36	880	8.337366
18	682	8.336986
6	259	8.327585
39	496	8.325758
24	569	8.321508
31	671	8.317823
11	756	8.310273
13	927	8.308483
27	920	8.305370
26	922	8.301024
25	437	8.297972
4	221	8.294913
39	531	8.294176
39	230	8.284075
19	794	8.276864
32	999	8.276101
31	414	8.265474
18	400	8.261124
26	981	8.261033
29	417	8.242484
32	796	8.225010
22	805	8.205735
39	618	8.203453
13	815	8.192193
10	87	8.187009
2	792	8.186350
24	935	8.181315
24	590	8.176491
28	805	8.168416
13	152	8.168324
7	478	8.167043
23	516	8.159163
33	83	8.145899
2	703	8.141587
13	974	8.141248
23	460	8.140684
31	469	8.128751
31	450	8.120844
19	701	8.116975
13	799	8.097305
14	792	8.095911
19	501	8.093298
23	583	8.092660
28	544	8.090967
22	866	8.087167
27	332	8.077697
23	89	8.074084
39	767	8.069622
37	569	8.038669
31	832	8.029907
21	343	8.023811
27	700	8.019246
39	347	8.010272
13	832	7.997276
31	704	7.995963
32	963	7.995708
19	127	7.989697
32	679	7.985262
28	906	7.983847
13	822	7.976003
23	393	7.973893
27	362	7.961638
27	286	7.959312
36	568	7.959144
19	838	7.958879
19	433	7.958255
31	582	7.957690
23	569	7.927581
21	855	7.908947
14	401	7.904834
31	990	7.899572
23	434	7.899450
31	121	7.895283
31	267	7.895283
31	940	7.895283
20	434	7.892699
24	123	7.889071
23	325	7.888485
19	882	7.886930
24	704	7.883009
19	981	7.868566
25	778	7.863677
39	546	7.860875
18	917	7.857665
18	702	7.848950
24	570	7.841724
10	740	7.835439
18	280	7.830704
7	535	7.825790
33	269	7.810225
34	290	7.800441
34	293	7.800441
24	370	7.799699
2	710	7.788946
26	672	7.788038
23	765	7.785275
5	724	7.777946
35	481	7.770823
19	537	7.770316
31	673	7.768138
27	926	7.766698
23	771	7.755636
11	492	7.752108
27	786	7.751876
12	8	7.751422
39	346	7.738415
8	806	7.736188
22	297	7.729879
15	754	7.726570
15	249	7.704963
13	908	7.699568
39	422	7.694422
39	865	7.691469
24	373	7.690388
24	131	7.686871
24	189	7.686871
24	571	7.686871
24	697	7.686871
24	772	7.686871
29	451	7.684205
31	994	7.682011
23	370	7.680202
23	621	7.680202
31	883	7.671430
7	200	7.669914
37	31	7.665441
31	264	7.662812
19	102	7.658240
24	467	7.655156
23	611	7.645806
39	568	7.632424
13	597	7.627104
15	706	7.623174
19	422	7.616559
18	782	7.611669
13	445	7.606322
24	753	7.605545
24	1	7.603531
8	984	7.597812
39	248	7.584404
19	490	7.583370
34	454	7.581255
13	750	7.575784
25	548	7.569364
18	340	7.562598
2	384	7.560015
18	293	7.559546
31	733	7.551947
2	461	7.550378
23	484	7.533520
30	434	7.532394
39	830	7.524571
13	715	7.517985
31	373	7.515023
19	161	7.503086
13	913	7.501650
26	656	7.490977
13	789	7.490298
1	272	7.489972
28	104	7.480858
23	123	7.478701
23	605	7.476800
5	796	7.475242
2	795	7.475241
18	611	7.467334
13	783	7.445086
31	685	7.440380
21	913	7.435119
24	692	7.434283
23	11	7.431583
23	158	7.431583
26	863	7.430715
9	576	7.420846
22	262	7.412644
5	971	7.405319
31	880	7.395442
31	965	7.394692
23	762	7.392927
34	904	7.390678
13	264	7.388985
20	523	7.387706
27	542	7.385281
26	778	7.380007
24	877	7.370195
24	280	7.364775
27	509	7.359310
23	990	7.351416
14	438	7.336749
24	573	7.332421
31	430	7.327957
39	450	7.324272
24	624	7.310968
29	776	7.304546
13	542	7.303597
14	891	7.297304
13	276	7.296625
19	748	7.291381
39	883	7.275990
32	167	7.264579
13	713	7.255948
34	116	7.255896
14	599	7.254842
27	803	7.252653
24	584	7.244917
31	546	7.241812
35	886	7.237994
40	445	7.222558
24	50	7.221681
24	852	7.212244
15	979	7.209332
21	980	7.200847
39	247	7.199630
12	521	7.197281
2	383	7.188353
18	745	7.188199
13	854	7.181062
14	763	7.180427
14	759	7.173062
24	824	7.170064
31	80	7.159940
24	725	7.159492
24	814	7.159492
32	618	7.156620
15	705	7.154483
34	893	7.153151
39	905	7.149821
2	266	7.142384
28	731	7.140768
31	947	7.137160
7	540	7.123723
25	759	7.105987
1	906	7.105415
32	944	7.104800
23	296	7.096950
1	24	7.091162
13	548	7.090907
26	530	7.086777
19	461	7.086292
1	982	7.085321
14	346	7.077920
23	177	7.077180
24	453	7.069959
23	150	7.066196
37	997	7.052129
2	891	7.047658
14	408	7.038429
24	490	7.036707
19	500	7.032531
39	713	7.020390
29	646	7.009396
6	538	7.007002
6	501	6.999830
24	686	6.996950
32	766	6.991171
19	914	6.989940
5	608	6.982489
31	146	6.970953
23	630	6.966047
26	731	6.965666
13	607	6.960350
28	968	6.958729
27	449	6.952706
31	558	6.941254
31	525	6.938377
15	352	6.928105
14	707	6.927090
11	472	6.924724
2	828	6.922316
5	269	6.917540
13	499	6.910830
39	702	6.909269
5	401	6.908201
13	592	6.904910
2	81	6.904620
24	854	6.902725
24	924	6.900063
19	813	6.899667
32	997	6.891696
20	843	6.886996
28	798	6.886760
18	179	6.886558
23	471	6.885781
7	846	6.885696
23	389	6.879641
24	557	6.876159
12	689	6.873059
23	933	6.872956
27	492	6.871112
6	563	6.865033
13	446	6.860828
27	970	6.860256
13	252	6.856615
31	812	6.853604
24	1000	6.852537
21	106	6.849656
21	245	6.849656
23	454	6.848055
29	242	6.838884
14	297	6.830789
36	863	6.825181
13	423	6.822686
39	891	6.821670
19	643	6.819032
11	871	6.818577
26	104	6.815122
40	277	6.815031
2	521	6.815002
21	646	6.814114
8	866	6.811560
30	389	6.802368
24	296	6.796964
19	723	6.788141
11	8	6.787966
11	325	6.787966
19	703	6.787620
9	436	6.780865
27	481	6.780821
13	131	6.776536
13	189	6.776536
24	95	6.772196
37	262	6.766581
27	404	6.757481
27	689	6.757481
27	808	6.756196
31	756	6.752999
8	820	6.740775
37	385	6.733638
6	527	6.732159
13	604	6.731386
13	717	6.729569
13	824	6.719465
19	608	6.718491
13	535	6.705353
8	82	6.697306
19	340	6.693193
27	862	6.689497
10	490	6.682874
9	161	6.679326
28	898	6.677629
37	411	6.675281
24	340	6.672265
31	975	6.671314
23	880	6.668561
13	408	6.666785
13	380	6.666171
32	782	6.665935
24	413	6.664475
29	748	6.652258
39	727	6.646489
9	806	6.644267
23	964	6.635756
19	866	6.634884
29	146	6.632864
15	817	6.631236
20	490	6.614544
13	386	6.612159
11	907	6.610723
19	121	6.603913
2	356	6.597099
19	881	6.595187
39	466	6.594044
26	917	6.593805
31	314	6.592006
18	740	6.590045
23	832	6.589340
31	916	6.587869
27	813	6.587486
13	502	6.583493
4	177	6.567879
23	856	6.566916
26	979	6.564683
26	930	6.564269
40	973	6.563333
10	116	6.558511
6	586	6.556344
23	790	6.549638
24	285	6.547967
13	167	6.547202
13	495	6.547202
31	967	6.543479
8	855	6.535847
24	389	6.532771
14	634	6.520658
32	433	6.512658
24	534	6.509958
36	33	6.505505
36	246	6.505505
24	792	6.503560
17	483	6.503217
12	750	6.490890
25	431	6.486075
34	711	6.480960
27	751	6.479438
13	400	6.476289
26	40	6.470163
26	998	6.470163
9	457	6.470018
13	694	6.463540
13	879	6.463403
23	683	6.454529
23	746	6.448641
27	799	6.445775
24	859	6.443342
23	924	6.442738
24	170	6.439437
33	86	6.436929
37	53	6.436284
26	926	6.435020
1	161	6.431685
13	351	6.428507
1	154	6.424571
1	660	6.424571
23	431	6.422799
24	921	6.417273
32	51	6.416461
14	407	6.415797
4	694	6.415388
23	615	6.413980
27	794	6.407642
12	685	6.406983
24	892	6.405380
13	892	6.398481
6	177	6.391116
39	267	6.384595
31	82	6.375872
31	280	6.375872
5	379	6.371641
20	529	6.370486
31	669	6.367612
31	668	6.366069
33	594	6.364706
32	915	6.363922
24	790	6.363675
33	65	6.362101
5	789	6.351713
24	580	6.347671
24	984	6.347671
13	269	6.341466
32	806	6.339514
9	646	6.332645
24	503	6.327810
36	349	6.326178
14	881	6.325848
27	904	6.325252
26	568	6.323898
19	808	6.315392
4	574	6.314526
13	340	6.310093
24	382	6.305294
26	523	6.302261
39	699	6.302151
13	868	6.298412
11	306	6.289787
2	107	6.276567
2	130	6.276567
25	699	6.271297
33	514	6.266725
10	643	6.266643
14	976	6.265056
21	808	6.259886
14	417	6.252561
24	39	6.245903
24	425	6.245401
33	714	6.243695
29	679	6.241104
20	382	6.229791
39	831	6.220707
19	635	6.215877
33	161	6.214815
7	96	6.210047
24	897	6.207742
24	247	6.205818
25	461	6.205341
24	634	6.203841
13	72	6.202390
31	174	6.192830
13	600	6.191967
24	235	6.189900
23	993	6.187492
24	506	6.182737
17	113	6.174298
27	535	6.171398
39	819	6.168099
13	469	6.160670
39	684	6.157018
31	919	6.156932
2	103	6.155736
2	381	6.155736
37	295	6.154187
31	275	6.147710
27	568	6.139768
21	971	6.134397
26	345	6.125979
20	333	6.123568
25	707	6.123290
31	870	6.123023
39	440	6.122624
24	516	6.120151
31	380	6.116863
31	252	6.116716
23	652	6.115878
22	740	6.109447
6	677	6.108147
39	919	6.102693
20	237	6.098642
2	737	6.094174
35	434	6.093193
2	60	6.080942
27	422	6.067036
31	434	6.060431
23	507	6.052181
11	30	6.050482
7	798	6.040890
34	976	6.040751
25	795	6.036343
29	192	6.031856
1	907	6.018788
26	506	6.018219
24	385	6.016967
32	672	6.016712
24	746	6.011882
11	796	6.008598
2	595	6.006548
31	510	6.001600
19	737	6.000343
39	600	5.997743
24	942	5.993449
15	747	5.993215
29	855	5.989103
12	154	5.981428
12	660	5.981428
13	406	5.980853
20	387	5.975844
32	919	5.969376
27	692	5.967354
34	148	5.966001
18	778	5.965743
28	935	5.965462
14	882	5.963810
4	747	5.963416
22	4	5.955201
22	217	5.955201
24	122	5.946474
21	406	5.946061
23	878	5.944032
15	413	5.943074
21	672	5.942717
33	192	5.940148
18	696	5.931954
14	611	5.926354
32	466	5.924796
30	540	5.921513
33	841	5.910293
24	682	5.907080
11	95	5.894242
24	501	5.889844
39	213	5.888264
39	572	5.888264
13	603	5.887413
23	170	5.881490
13	961	5.877635
34	698	5.877507
1	806	5.875775
31	878	5.875468
23	493	5.867915
27	685	5.864180
27	119	5.863897
14	555	5.862746
24	799	5.860872
24	66	5.858080
14	922	5.852682
12	224	5.850864
31	402	5.846803
2	22	5.846793
2	253	5.846793
2	483	5.846793
14	687	5.835173
24	724	5.831918
23	642	5.825869
32	971	5.825513
37	660	5.823844
23	517	5.820943
23	472	5.820640
21	829	5.819296
24	565	5.817797
1	369	5.815401
19	558	5.811281
5	922	5.805511
25	828	5.799755
14	561	5.799322
31	596	5.796732
24	574	5.791317
10	352	5.787586
19	495	5.785694
23	358	5.782881
6	401	5.781373
37	340	5.779942
24	225	5.779841
24	486	5.779841
27	445	5.773903
30	891	5.765938
39	861	5.765557
9	170	5.761721
15	368	5.759180
31	825	5.744052
36	274	5.739882
1	527	5.737037
14	556	5.731152
39	672	5.727988
31	535	5.727863
40	400	5.726088
27	668	5.722528
19	329	5.722336
40	148	5.721373
24	229	5.718687
31	104	5.716800
25	855	5.706951
23	647	5.704218
31	127	5.689530
23	724	5.685412
33	580	5.680710
19	786	5.677809
31	150	5.671024
37	910	5.664296
6	13	5.661712
24	756	5.661556
39	664	5.659085
23	474	5.658343
32	767	5.658126
23	221	5.656064
24	331	5.649821
24	999	5.649821
39	424	5.648151
32	573	5.647601
1	276	5.637232
27	650	5.635278
40	786	5.627985
11	439	5.623723
27	424	5.622287
26	918	5.621545
1	436	5.619346
26	267	5.617442
18	790	5.609050
5	238	5.608856
12	667	5.604361
23	3	5.601857
13	877	5.598698
31	583	5.592807
11	740	5.590991
27	500	5.588865
23	646	5.586502
8	776	5.584540
2	473	5.581556
36	608	5.579803
31	836	5.579693
26	923	5.572122
24	798	5.571580
32	1	5.566076
31	945	5.551426
23	547	5.550196
39	735	5.550004
14	352	5.549592
39	538	5.548615
13	439	5.546575
23	579	5.534910
28	771	5.532276
13	876	5.530719
17	703	5.521125
31	602	5.520559
31	792	5.517153
13	714	5.516269
31	921	5.510390
27	616	5.509703
19	405	5.509341
2	362	5.509049
23	822	5.504134
7	710	5.502248
24	464	5.501605
23	672	5.499020
32	904	5.492604
2	232	5.490018
2	244	5.490018
2	326	5.490018
13	811	5.489667
4	30	5.487780
25	754	5.484763
23	597	5.481850
10	492	5.478786
28	793	5.478644
21	872	5.475697
1	249	5.474272
27	877	5.474235
1	927	5.470924
13	576	5.466721
31	432	5.461520
39	770	5.455780
9	989	5.450483
26	27	5.443635
24	836	5.438159
14	974	5.437414
24	230	5.437048
6	544	5.435516
24	167	5.434268
24	224	5.434268
24	495	5.434268
19	702	5.429437
26	611	5.418630
13	664	5.414326
2	724	5.403507
12	598	5.401254
23	927	5.399249
13	6	5.399026
5	646	5.398750
23	939	5.392612
15	731	5.388414
13	608	5.379934
21	175	5.378982
6	805	5.365042
40	330	5.364615
40	626	5.364615
11	820	5.358859
23	331	5.353235
2	179	5.349439
2	587	5.349439
39	420	5.344627
22	355	5.342428
31	903	5.341386
15	887	5.340881
24	428	5.332313
23	575	5.325338
1	195	5.324174
1	240	5.324174
25	590	5.322640
29	782	5.318154
6	819	5.317226
23	350	5.312491
18	333	5.311799
23	732	5.298759
19	402	5.298655
23	523	5.293554
13	871	5.293182
23	886	5.290764
24	19	5.283807
11	982	5.279397
31	66	5.278539
29	971	5.278280
29	740	5.277904
30	974	5.272993
13	216	5.268355
2	613	5.268128
2	177	5.266091
13	552	5.258221
15	652	5.257313
24	371	5.252870
22	211	5.249423
27	461	5.249285
4	161	5.242965
13	425	5.242560
39	161	5.242315
24	613	5.240817
2	379	5.236269
11	771	5.234690
24	236	5.229860
39	170	5.229851
33	937	5.226957
25	921	5.225119
19	806	5.224851
31	656	5.219213
19	929	5.219040
5	763	5.212268
8	616	5.206542
21	133	5.184040
21	212	5.184040
32	809	5.181295
39	459	5.180778
39	535	5.180778
33	855	5.180077
31	468	5.176441
39	307	5.172274
13	551	5.168817
21	351	5.165301
23	906	5.155633
23	167	5.152029
13	517	5.145023
32	483	5.144877
32	856	5.144877
21	975	5.138060
8	66	5.133439
27	977	5.131827
23	628	5.131122
23	934	5.130858
14	612	5.129283
31	845	5.121452
39	208	5.121188
2	763	5.119218
9	609	5.117896
26	668	5.115849
26	702	5.115706
31	959	5.113587
6	820	5.112156
5	819	5.111475
19	647	5.102004
24	687	5.097300
23	247	5.096239
12	532	5.089200
27	842	5.083248
23	797	5.081264
15	861	5.080178
7	234	5.079653
1	862	5.078776
27	652	5.073195
23	720	5.065296
2	918	5.062868
23	492	5.061705
5	944	5.061501
36	818	5.061167
31	886	5.059095
24	163	5.054053
34	688	5.046462
39	271	5.044208
24	414	5.044017
13	527	5.043001
26	671	5.042795
15	701	5.037899
27	502	5.034780
27	642	5.030503
13	402	5.030170
14	734	5.026371
19	414	5.022934
19	603	5.022934
18	105	5.016993
11	533	5.013204
24	181	5.005924
24	589	5.005924
24	827	5.005924
37	475	5.005171
23	542	5.004909
24	432	5.002757
23	947	5.000979
7	826	5.000816
31	789	5.000183
2	659	4.998554
39	458	4.997593
8	434	4.992367
23	657	4.992226
28	293	4.988912
7	785	4.987290
9	660	4.986202
8	215	4.984562
31	472	4.981241
31	514	4.981241
20	253	4.979116
11	965	4.974783
31	179	4.971522
31	587	4.971522
29	796	4.969133
19	585	4.965908
6	813	4.952791
13	536	4.941387
31	729	4.940042
39	971	4.937402
27	465	4.934850
19	385	4.934502
19	430	4.930389
13	798	4.929825
26	476	4.921870
27	487	4.921627
2	242	4.919317
13	883	4.913787
18	176	4.911718
18	270	4.911718
31	761	4.907901
19	685	4.905647
32	926	4.901661
31	152	4.898341
31	216	4.898341
31	59	4.894839
31	817	4.894839
32	347	4.892656
23	360	4.891536
5	371	4.891535
27	855	4.888981
11	450	4.887121
13	732	4.886247
23	985	4.881960
31	707	4.871939
39	68	4.870290
39	289	4.870290
39	755	4.870290
22	907	4.869246
36	385	4.859854
39	22	4.858432
31	424	4.858410
31	167	4.855427
31	607	4.849740
18	622	4.848451
19	936	4.847113
21	801	4.844448
27	656	4.841846
23	453	4.840651
31	622	4.839798
25	96	4.839787
29	866	4.837414
24	294	4.833545
22	741	4.828445
11	175	4.827977
11	293	4.827977
24	541	4.822274
24	560	4.822274
23	634	4.822037
31	712	4.821015
39	563	4.815391
7	210	4.815186
37	436	4.814720
8	112	4.809825
11	880	4.806441
6	628	4.804880
24	257	4.804576
5	904	4.803425
19	909	4.802381
19	977	4.801055
13	880	4.799747
23	445	4.796724
28	227	4.795170
28	255	4.795170
31	209	4.793015
31	233	4.793015
29	394	4.789584
24	518	4.787953
27	707	4.781597
32	703	4.778214
24	903	4.778105
17	399	4.777816
15	935	4.777024
24	492	4.775216
6	913	4.770741
5	661	4.763978
31	453	4.759572
32	732	4.747578
27	819	4.747227
27	526	4.745955
23	508	4.743924
26	786	4.743261
2	523	4.741149
19	451	4.737488
13	256	4.733287
32	6	4.728114
24	568	4.727250
27	734	4.724242
23	534	4.715853
24	481	4.708767
29	561	4.707979
32	431	4.706810
12	256	4.700914
12	364	4.700914
24	297	4.700756
33	861	4.699262
32	552	4.698716
25	500	4.694453
17	478	4.692697
19	156	4.692445
19	332	4.692445
10	669	4.691868
19	790	4.688717
25	363	4.678808
15	252	4.675493
28	609	4.674840
16	586	4.673257
7	799	4.672663
27	881	4.670844
6	155	4.669438
14	914	4.669041
24	480	4.668431
24	788	4.668431
27	577	4.668203
23	154	4.660942
16	796	4.658769
20	379	4.656394
39	476	4.655836
29	112	4.654570
12	862	4.654217
13	862	4.653145
31	949	4.650511
10	523	4.649723
20	806	4.645419
39	970	4.643443
23	74	4.640904
23	185	4.640521
23	398	4.640521
11	227	4.634807
9	877	4.633676
27	907	4.629795
32	202	4.620766
32	749	4.620766
37	248	4.617471
37	364	4.617471
11	627	4.612764
2	24	4.609723
2	87	4.609723
23	52	4.609474
23	968	4.609474
24	462	4.603285
31	170	4.602538
31	816	4.602538
40	646	4.600035
20	870	4.598976
19	491	4.595486
26	665	4.595088
31	241	4.591339
31	564	4.591339
28	425	4.588812
24	886	4.586230
33	454	4.582864
13	557	4.579563
23	345	4.578443
23	766	4.578443
19	642	4.578334
29	18	4.575073
2	748	4.574954
12	547	4.573351
31	350	4.566967
24	476	4.566839
36	942	4.557172
9	110	4.553593
9	178	4.553593
31	521	4.550659
19	646	4.547583
27	607	4.543420
14	653	4.542487
23	890	4.541415
7	590	4.539517
23	146	4.534164
23	124	4.534135
23	176	4.534135
39	177	4.533831
40	797	4.533539
39	249	4.531515
19	684	4.526756
13	888	4.520909
27	906	4.520546
31	481	4.511012
24	532	4.510413
32	513	4.509232
13	490	4.500958
19	893	4.498899
24	685	4.496710
5	700	4.495374
8	214	4.495366
24	437	4.494214
8	681	4.493992
23	951	4.490461
23	992	4.490461
27	866	4.488180
33	353	4.485322
22	955	4.485148
8	400	4.484877
2	698	4.484826
12	197	4.480835
23	218	4.479836
13	526	4.479777
19	683	4.476562
37	666	4.474975
25	910	4.469401
31	426	4.468388
31	692	4.465004
6	795	4.464840
27	426	4.463801
26	962	4.463258
19	505	4.457248
12	476	4.453479
8	981	4.452829
27	753	4.450702
34	821	4.448153
40	316	4.444781
24	693	4.442065
26	832	4.438433
13	906	4.437059
27	613	4.436219
23	368	4.436205
23	772	4.436205
14	983	4.435274
24	417	4.432507
21	164	4.431663
31	806	4.428857
36	284	4.427001
39	975	4.425909
1	153	4.424371
19	487	4.422019
23	559	4.421041
23	565	4.421041
7	414	4.419926
39	739	4.418230
9	874	4.416426
13	192	4.413963
13	198	4.413963
31	251	4.411157
31	995	4.411157
32	440	4.410573
13	654	4.404642
8	679	4.401447
31	331	4.399041
37	711	4.397782
31	818	4.397069
19	751	4.396697
25	427	4.393593
33	522	4.392934
14	181	4.392795
31	166	4.391068
33	922	4.390843
6	815	4.390247
24	358	4.390000
12	165	4.379925
31	538	4.376086
31	477	4.373744
15	414	4.373729
2	1000	4.369482
16	569	4.364830
39	265	4.362942
24	34	4.362651
5	531	4.361979
23	543	4.356892
40	909	4.356193
13	522	4.347738
13	925	4.347738
39	502	4.346594
6	923	4.346352
11	917	4.343224
34	935	4.341731
19	466	4.340247
21	868	4.340150
14	857	4.339191
16	713	4.337331
31	347	4.335961
6	459	4.335502
33	976	4.329543
27	782	4.329526
25	536	4.325077
31	572	4.323956
5	490	4.322911
13	227	4.322796
13	255	4.322796
13	261	4.322796
12	509	4.322612
39	461	4.321972
24	617	4.316187
24	524	4.312765
21	256	4.311974
23	691	4.309900
26	297	4.308296
29	596	4.302878
19	435	4.302051
31	539	4.299784
26	238	4.298634
26	306	4.298634
37	51	4.297068
37	266	4.297068
37	507	4.297068
15	596	4.290435
2	53	4.288708
2	287	4.288708
2	288	4.288708
13	821	4.287970
19	420	4.287842
23	414	4.285117
40	355	4.284433
23	400	4.283395
24	837	4.280705
37	974	4.280297
22	647	4.278460
27	423	4.278136
27	501	4.276175
39	553	4.275143
32	727	4.270639
6	917	4.270124
2	907	4.269418
22	118	4.264038
22	253	4.264038
11	660	4.259360
18	232	4.258383
21	418	4.257679
39	178	4.255945
39	630	4.255604
7	179	4.252431
7	525	4.252431
18	980	4.250971
17	745	4.250866
40	780	4.248399
8	782	4.245299
31	670	4.243197
30	877	4.242441
40	913	4.241363
31	99	4.239585
13	411	4.235836
23	675	4.235191
32	10	4.234935
6	154	4.234858
24	269	4.230761
17	858	4.229182
6	594	4.227907
7	904	4.227143
19	873	4.225298
39	396	4.224130
22	161	4.222122
32	660	4.213614
23	528	4.211166
23	957	4.211166
34	296	4.208835
14	786	4.208059
23	872	4.206890
11	531	4.206641
24	808	4.205430
27	460	4.203474
37	234	4.201623
37	267	4.201623
36	530	4.198217
39	587	4.195269
26	328	4.194233
8	881	4.190164
27	470	4.188265
15	655	4.186576
27	817	4.186150
24	384	4.185641
6	658	4.183935
18	792	4.183091
31	780	4.182159
19	980	4.180272
24	329	4.179341
27	467	4.179168
34	209	4.177074
28	357	4.175634
24	409	4.173503
31	758	4.172343
8	556	4.170697
27	578	4.170001
27	664	4.170001
9	171	4.169534
9	705	4.169534
39	794	4.169382
27	821	4.169083
18	147	4.166954
36	424	4.166477
19	982	4.163950
5	18	4.161929
39	628	4.160327
23	844	4.158002
32	519	4.157295
11	21	4.153375
6	1	4.151183
23	457	4.151045
39	537	4.149950
37	904	4.147878
6	761	4.147098
25	705	4.146841
8	15	4.146604
8	394	4.146604
27	603	4.146209
23	485	4.146082
6	789	4.143860
14	822	4.141437
15	583	4.136792
1	723	4.136251
36	910	4.135743
27	790	4.132632
27	805	4.132632
13	837	4.130419
14	191	4.130003
19	165	4.129340
2	867	4.128565
13	570	4.126911
13	104	4.126789
24	833	4.126450
13	314	4.124402
25	848	4.122598
33	43	4.120042
23	590	4.118936
30	870	4.107165
13	890	4.106108
27	84	4.104015
13	30	4.102416
1	181	4.098669
1	658	4.098669
5	837	4.097755
13	769	4.096964
24	470	4.096586
21	76	4.093876
21	225	4.093876
9	647	4.092539
23	423	4.091974
15	555	4.088339
31	802	4.084187
26	179	4.082985
37	913	4.078817
28	597	4.078153
27	818	4.076715
23	862	4.075654
24	916	4.075365
12	420	4.074561
32	906	4.073371
40	168	4.071156
40	348	4.071156
16	700	4.071156
6	342	4.067623
18	407	4.065080
22	618	4.063511
27	451	4.063222
24	157	4.062922
9	204	4.057630
9	677	4.057630
2	350	4.052528
1	30	4.051846
29	922	4.050137
28	952	4.048794
36	796	4.046452
24	601	4.046313
17	846	4.044881
24	559	4.043121
23	783	4.041419
14	230	4.040874
36	331	4.032947
23	539	4.029509
30	481	4.027476
26	972	4.026923
39	423	4.026652
1	64	4.025628
31	777	4.025176
31	996	4.025176
12	582	4.024294
39	471	4.022632
23	834	4.019264
2	943	4.014910
19	704	4.013911
9	423	4.010743
10	743	4.006791
39	416	4.004256
30	888	4.004241
6	280	4.000141
6	985	4.000141
32	842	3.997370
19	840	3.994097
27	590	3.993705
8	976	3.992141
31	500	3.991109
23	809	3.989094
40	147	3.988659
40	558	3.984963
36	65	3.983053
28	424	3.982087
39	269	3.981388
26	685	3.979227
2	947	3.978467
29	401	3.977211
5	70	3.971736
33	570	3.968636
27	456	3.967443
24	671	3.967029
10	682	3.966477
33	567	3.961744
11	782	3.961294
27	999	3.961049
27	961	3.958958
9	479	3.952273
39	569	3.951956
19	715	3.951864
13	858	3.949738
11	362	3.947467
29	555	3.941065
32	764	3.940632
14	550	3.938920
24	179	3.937709
24	637	3.937709
8	18	3.935352
6	509	3.934916
13	897	3.934742
36	966	3.934509
21	666	3.932298
34	832	3.931888
39	935	3.928038
2	342	3.927788
6	551	3.926659
2	439	3.917899
6	754	3.917132
32	287	3.916921
33	423	3.915254
24	883	3.907922
11	667	3.907175
2	345	3.906298
13	602	3.905198
28	527	3.903758
23	417	3.903411
13	282	3.902995
13	771	3.902995
13	949	3.902995
22	679	3.902466
23	794	3.899495
21	780	3.899308
31	716	3.894979
31	844	3.892694
19	809	3.892049
22	485	3.889173
36	66	3.887248
36	548	3.887248
36	757	3.887248
20	466	3.887008
9	606	3.883297
11	724	3.881100
18	425	3.880492
6	461	3.879453
11	681	3.877496
23	435	3.873958
7	122	3.871437
5	477	3.870850
30	436	3.870810
33	583	3.870359
12	658	3.869720
39	124	3.869093
22	763	3.867916
6	961	3.866859
6	30	3.864982
23	470	3.854427
9	577	3.852773
39	542	3.850538
9	439	3.848121
14	800	3.842919
17	286	3.842574
30	878	3.842463
23	825	3.842325
23	6	3.841994
22	616	3.841077
39	707	3.837856
5	417	3.837239
6	674	3.836953
40	658	3.834252
16	30	3.828868
19	452	3.826474
19	860	3.826474
23	399	3.825594
17	674	3.825270
10	970	3.823951
12	333	3.820102
31	595	3.815303
32	976	3.815017
24	472	3.813512
24	446	3.812402
32	454	3.811348
27	812	3.809179
16	861	3.808385
14	622	3.807456
40	691	3.801534
19	995	3.800849
31	435	3.798198
21	516	3.795920
27	33	3.795414
13	573	3.793053
27	886	3.792796
32	891	3.792587
23	174	3.791634
19	399	3.790442
24	843	3.785207
23	838	3.784501
6	249	3.779347
6	251	3.779347
6	849	3.779347
6	934	3.779347
2	864	3.779117
26	689	3.776549
39	274	3.773133
31	202	3.771093
5	446	3.769883
4	835	3.767550
24	771	3.766692
24	949	3.766692
31	689	3.762067
1	413	3.760037
40	333	3.757505
26	148	3.757438
29	763	3.755926
18	64	3.755023
18	902	3.755023
36	174	3.752554
27	491	3.749747
8	661	3.747403
8	255	3.746446
7	586	3.746276
10	482	3.742018
10	890	3.742018
32	967	3.736820
6	925	3.736675
25	452	3.736128
25	741	3.736128
24	497	3.733935
32	748	3.731774
8	913	3.730404
7	887	3.730092
23	955	3.730049
15	720	3.722071
23	715	3.721920
23	811	3.721660
31	218	3.719507
6	941	3.716773
19	819	3.716462
31	355	3.715636
9	400	3.714995
28	105	3.714608
28	225	3.714608
23	911	3.713910
30	747	3.713666
40	734	3.712497
6	743	3.711398
36	687	3.709839
19	706	3.708658
34	435	3.708547
34	513	3.708547
18	613	3.707965
10	464	3.707221
10	994	3.707221
18	536	3.704269
22	842	3.704238
24	775	3.701693
24	471	3.701382
29	616	3.695987
24	630	3.693659
7	988	3.685379
13	508	3.683641
22	223	3.676827
10	773	3.673098
23	259	3.671591
32	909	3.671143
14	587	3.667591
19	801	3.666648
16	815	3.666566
24	733	3.665586
13	613	3.665046
2	590	3.661656
7	982	3.660794
12	159	3.660450
12	712	3.660450
12	777	3.660450
24	994	3.658793
27	458	3.651017
13	185	3.648038
13	262	3.648038
5	681	3.647883
19	653	3.645906
13	844	3.645642
19	803	3.641464
5	400	3.640063
20	79	3.638586
34	852	3.637587
33	973	3.631928
39	252	3.631133
18	756	3.630241
19	544	3.630117
36	944	3.627397
13	818	3.624866
20	831	3.624451
32	753	3.619213
18	744	3.618771
18	837	3.617861
13	842	3.614588
34	690	3.614191
31	814	3.612010
15	434	3.611772
36	727	3.607940
16	628	3.606512
23	801	3.604658
26	904	3.602494
26	509	3.601609
31	739	3.599385
7	605	3.599227
7	687	3.599227
6	436	3.597977
18	520	3.593448
32	445	3.593297
32	597	3.591718
19	888	3.588478
10	997	3.588150
39	436	3.585324
18	440	3.584397
1	485	3.584085
19	830	3.578897
19	689	3.577547
6	645	3.575215
13	296	3.574776
13	521	3.574776
6	793	3.571190
16	919	3.570552
2	199	3.570314
2	290	3.570314
27	623	3.568062
32	881	3.562095
25	572	3.561676
31	708	3.560314
24	74	3.560275
39	211	3.559908
39	256	3.559908
39	364	3.559908
39	705	3.559908
2	723	3.559850
11	352	3.558825
11	505	3.558825
24	714	3.553525
13	806	3.552097
9	981	3.551391
23	219	3.547935
14	596	3.547342
31	332	3.546897
19	817	3.546049
10	296	3.542877
6	823	3.540523
20	81	3.540148
20	389	3.540148
17	470	3.539689
17	898	3.539689
39	492	3.537066
24	348	3.536376
24	456	3.536376
23	459	3.533735
12	284	3.533597
18	603	3.532991
22	376	3.532842
23	495	3.529681
27	511	3.529232
39	431	3.528735
11	930	3.527931
24	330	3.526890
24	391	3.526890
24	493	3.526890
24	537	3.526583
9	614	3.523129
28	121	3.522441
28	267	3.522441
28	741	3.522441
6	997	3.518635
26	835	3.518054
7	632	3.517119
7	947	3.517119
6	50	3.515025
6	475	3.515025
6	529	3.515025
37	347	3.514969
24	515	3.514743
13	728	3.513504
23	944	3.507146
13	346	3.507038
28	538	3.506226
12	679	3.500865
1	805	3.500548
23	385	3.496297
23	754	3.496297
28	892	3.495806
31	573	3.495771
24	985	3.495530
26	999	3.494810
21	589	3.489694
31	105	3.485129
31	197	3.485129
31	225	3.485129
23	979	3.484694
2	786	3.484563
26	591	3.484322
24	512	3.483195
24	621	3.483195
24	839	3.483195
34	745	3.481561
24	346	3.480886
31	700	3.480838
19	804	3.480017
32	442	3.477672
7	766	3.477474
7	917	3.474754
39	612	3.472492
24	938	3.467633
11	594	3.466052
14	772	3.462635
11	51	3.460679
25	618	3.456375
24	695	3.455229
27	843	3.454703
17	545	3.453986
6	193	3.453703
19	386	3.452668
19	421	3.452668
19	799	3.452641
19	845	3.452641
7	439	3.452137
11	979	3.441700
33	311	3.440502
23	328	3.436123
19	526	3.436079
23	100	3.435981
23	237	3.435981
19	843	3.435512
28	817	3.433760
39	259	3.433248
12	740	3.432340
24	121	3.425894
24	680	3.425894
24	741	3.425894
24	780	3.425894
24	940	3.425894
5	740	3.424888
8	80	3.420374
31	268	3.419340
31	271	3.419340
21	271	3.418145
29	384	3.417971
20	282	3.417002
12	379	3.415365
25	808	3.414645
32	222	3.413332
32	864	3.413332
31	892	3.402965
18	49	3.402852
18	415	3.402852
15	468	3.402569
14	808	3.400050
26	693	3.399388
31	620	3.397287
23	845	3.396211
23	930	3.392971
37	587	3.392958
2	400	3.392491
33	763	3.390774
2	79	3.388429
26	647	3.386843
24	101	3.386000
24	120	3.386000
24	344	3.386000
24	641	3.386000
2	9	3.383859
2	369	3.383859
26	439	3.382681
31	764	3.381148
8	446	3.378214
8	541	3.378214
26	714	3.375555
2	713	3.374430
23	510	3.373659
19	543	3.372573
14	11	3.369554
16	568	3.369108
37	450	3.368557
11	334	3.367803
11	452	3.367803
24	508	3.367150
5	874	3.366397
12	630	3.364075
39	774	3.362400
24	504	3.361090
23	940	3.359671
8	531	3.358736
20	938	3.358572
32	789	3.356892
19	949	3.356177
22	530	3.348481
18	635	3.345015
27	806	3.344014
21	909	3.338758
26	295	3.334243
26	498	3.334243
26	991	3.334243
32	743	3.333576
13	943	3.331900
36	464	3.331841
33	204	3.331350
19	563	3.330240
37	828	3.330114
20	477	3.330085
24	354	3.327088
1	393	3.325345
40	131	3.324354
28	423	3.323653
24	208	3.322894
23	606	3.322173
31	518	3.321992
22	586	3.321171
37	796	3.321073
19	221	3.318595
19	916	3.318595
11	972	3.318291
27	584	3.318070
24	403	3.315050
29	819	3.313055
24	460	3.308435
13	516	3.308028
6	476	3.299782
6	859	3.295967
31	853	3.293975
7	432	3.291856
10	913	3.291459
39	916	3.289790
29	618	3.288301
27	580	3.286333
18	645	3.280335
9	902	3.279892
8	195	3.277805
23	613	3.277263
24	463	3.277015
31	376	3.276634
22	743	3.276421
6	427	3.274584
20	446	3.274498
6	229	3.272287
28	210	3.269022
37	782	3.266886
14	535	3.266877
23	395	3.266637
26	538	3.266002
27	984	3.260074
6	927	3.257212
24	15	3.254720
24	361	3.254720
24	736	3.254720
24	875	3.254720
24	989	3.254720
39	417	3.251136
30	451	3.251122
26	584	3.249325
5	828	3.245199
26	285	3.242773
6	893	3.242419
31	540	3.240916
13	838	3.240340
27	631	3.235516
6	597	3.235130
39	244	3.234795
31	869	3.233575
19	745	3.232848
1	731	3.231854
24	477	3.228137
40	406	3.224342
7	489	3.222901
7	994	3.222901
2	727	3.222311
1	924	3.222178
14	530	3.221526
2	366	3.217577
18	170	3.217154
2	292	3.215669
23	433	3.214068
6	791	3.207447
34	683	3.206753
40	813	3.206534
15	974	3.203783
5	457	3.202786
27	80	3.199197
27	226	3.199197
27	283	3.199197
27	995	3.199197
5	466	3.197758
2	576	3.197533
32	506	3.197053
11	213	3.195919
37	148	3.195775
5	469	3.192222
19	209	3.190827
7	825	3.189447
34	102	3.188719
18	587	3.182424
19	818	3.181812
39	338	3.178806
39	352	3.178806
27	826	3.177284
13	759	3.176146
7	713	3.176019
31	767	3.171737
36	521	3.170005
13	514	3.169578
40	740	3.168335
23	929	3.157152
27	150	3.155880
19	762	3.155660
23	843	3.155178
40	404	3.153847
13	928	3.153683
10	30	3.153607
31	423	3.151713
18	793	3.151690
14	752	3.150923
6	390	3.150620
6	929	3.150620
40	819	3.147677
9	443	3.145980
13	554	3.145179
6	862	3.145136
27	893	3.139607
27	148	3.139582
34	761	3.135744
23	557	3.134556
33	266	3.131994
13	785	3.131935
5	257	3.128168
39	715	3.126559
27	203	3.125087
7	524	3.124463
25	182	3.124124
25	613	3.122335
40	782	3.120810
33	553	3.120661
6	625	3.120230
28	827	3.118829
9	661	3.117194
8	737	3.112299
31	172	3.111382
32	936	3.109803
2	233	3.109698
36	573	3.109370
2	440	3.107705
13	776	3.107374
24	147	3.107062
14	91	3.105473
14	987	3.105473
14	991	3.105473
6	414	3.104092
26	864	3.103557
39	882	3.102801
13	609	3.101433
13	853	3.101433
1	174	3.100631
1	847	3.100631
23	596	3.096299
24	200	3.094781
18	310	3.094219
23	67	3.093616
23	94	3.093616
19	521	3.092709
28	6	3.091796
31	163	3.091375
31	876	3.091375
19	699	3.089996
18	840	3.089148
27	824	3.083931
1	904	3.083094
19	910	3.082326
18	172	3.081639
5	618	3.079117
8	769	3.078228
23	666	3.072410
37	146	3.071815
6	379	3.070259
32	342	3.069519
19	634	3.069273
39	866	3.068357
31	427	3.067800
28	491	3.067007
21	679	3.065901
2	995	3.062688
7	521	3.061902
12	155	3.056037
12	966	3.056037
6	274	3.054709
10	435	3.054628
22	821	3.053583
13	115	3.052563
13	158	3.052563
15	501	3.052066
39	548	3.050375
27	118	3.048977
6	672	3.048874
6	624	3.048638
28	271	3.048480
23	82	3.045640
23	950	3.045640
31	852	3.045510
29	848	3.045284
18	982	3.044481
2	679	3.043895
19	569	3.043816
33	267	3.040515
11	358	3.039910
40	112	3.039629
13	489	3.039351
13	620	3.039351
23	236	3.037796
24	151	3.037631
27	949	3.036515
22	439	3.035938
11	580	3.034449
23	568	3.034349
27	421	3.033700
27	468	3.033700
31	3	3.033414
7	508	3.031478
31	381	3.031312
31	412	3.031312
31	850	3.031312
12	907	3.031174
25	891	3.031008
37	393	3.023775
40	3	3.021741
14	831	3.021068
6	578	3.020853
23	835	3.017529
19	474	3.010478
39	266	3.007616
39	577	3.007616
31	48	3.006699
13	622	3.005557
32	929	3.005134
25	413	3.000229
24	925	3.000010
23	779	2.999183
23	830	2.997992
16	599	2.996925
19	81	2.995157
5	913	2.994304
25	608	2.990875
23	99	2.988278
21	189	2.987051
21	438	2.987051
22	489	2.985437
13	859	2.984894
1	876	2.978946
19	351	2.978832
27	660	2.978658
19	941	2.977617
37	39	2.977085
40	731	2.976222
10	759	2.969252
27	834	2.966054
31	946	2.966032
19	707	2.963247
23	914	2.961161
29	230	2.956016
19	464	2.954023
6	608	2.953843
2	923	2.952678
28	979	2.946829
27	90	2.945897
27	178	2.945897
27	992	2.945897
19	355	2.945486
32	432	2.944323
26	442	2.941301
10	660	2.940799
25	531	2.940341
1	766	2.940290
21	834	2.938725
24	48	2.933983
31	728	2.932889
37	285	2.931678
7	679	2.931472
39	603	2.928250
25	487	2.927680
14	964	2.925844
39	893	2.924834
31	589	2.924522
9	333	2.923578
26	454	2.923138
2	88	2.922570
2	240	2.922570
2	273	2.922570
2	529	2.922570
24	423	2.921560
40	628	2.919639
6	634	2.919079
28	129	2.916132
18	975	2.915491
7	314	2.915077
23	984	2.914644
23	689	2.914570
19	230	2.914340
36	60	2.912982
14	961	2.911367
14	630	2.909856
29	673	2.908523
6	907	2.907330
11	906	2.907240
39	703	2.903705
23	824	2.903327
26	550	2.903150
26	166	2.900845
26	175	2.900845
33	426	2.898894
29	767	2.898262
16	723	2.895175
27	129	2.894052
5	858	2.892027
24	596	2.890721
39	654	2.886631
25	669	2.884955
27	546	2.883937
16	148	2.880292
39	783	2.877825
24	253	2.877232
24	483	2.877232
19	871	2.876530
19	454	2.876502
10	167	2.876090
9	531	2.873947
26	585	2.871798
12	656	2.871574
23	895	2.870618
19	84	2.869411
19	143	2.869411
19	289	2.869411
28	417	2.868518
39	541	2.865365
39	560	2.865365
26	692	2.863170
39	748	2.860460
7	533	2.859825
32	43	2.858886
32	365	2.858886
22	389	2.857043
13	150	2.855709
31	43	2.855553
31	365	2.855553
27	852	2.855412
6	464	2.853802
9	131	2.851728
34	654	2.849016
23	829	2.847601
39	860	2.847552
26	800	2.844967
14	422	2.844959
39	725	2.844448
39	561	2.842065
12	687	2.839663
32	892	2.838799
31	335	2.837292
26	679	2.835471
26	905	2.834899
18	91	2.833786
18	315	2.833786
18	953	2.833786
18	993	2.833786
13	112	2.833166
7	446	2.832885
7	560	2.832885
11	898	2.831443
11	974	2.831443
6	8	2.830653
6	31	2.830653
6	109	2.830653
6	232	2.830653
13	624	2.829742
13	937	2.829742
18	806	2.829079
32	994	2.827086
22	296	2.826459
14	351	2.825561
24	105	2.824626
24	197	2.824626
24	479	2.824626
28	747	2.824330
29	861	2.824207
18	794	2.822880
12	793	2.820401
14	819	2.819956
19	623	2.818804
5	881	2.817087
6	517	2.815803
10	221	2.813845
10	858	2.813845
19	72	2.812361
19	315	2.812361
31	705	2.811644
31	585	2.810936
14	661	2.807516
26	713	2.804864
20	538	2.801667
12	504	2.799618
19	119	2.797813
24	395	2.796089
28	466	2.796072
27	737	2.794701
28	733	2.793661
2	445	2.792229
39	826	2.791772
26	861	2.790967
10	832	2.790275
37	161	2.788135
27	674	2.784897
27	767	2.784897
40	924	2.783264
21	354	2.783018
27	228	2.782314
12	739	2.781987
39	192	2.774751
39	359	2.774751
15	622	2.773636
6	355	2.771168
13	874	2.770164
20	400	2.769039
22	236	2.766967
11	718	2.766075
32	386	2.765852
11	878	2.764220
39	698	2.763615
37	670	2.761688
14	578	2.761094
12	258	2.760540
12	743	2.760540
23	640	2.755361
7	829	2.754648
39	844	2.754553
21	963	2.754400
15	826	2.751528
2	530	2.749756
18	748	2.744480
29	835	2.743688
24	350	2.743109
27	888	2.741843
13	621	2.740474
12	800	2.738431
37	656	2.737832
26	766	2.737308
11	543	2.736028
26	794	2.735869
28	179	2.735727
39	586	2.735242
23	823	2.734886
5	89	2.734500
5	234	2.734500
5	780	2.734500
27	702	2.733454
29	510	2.730243
13	954	2.728307
19	467	2.726758
13	5	2.726015
13	390	2.726015
34	961	2.722501
37	350	2.721838
28	568	2.720906
22	906	2.720650
20	786	2.720593
26	70	2.720480
26	205	2.720480
25	104	2.719730
24	107	2.719475
27	633	2.716480
6	656	2.715680
11	961	2.712766
11	420	2.709362
32	19	2.708907
32	995	2.708907
23	975	2.706500
19	935	2.706098
13	579	2.703868
10	855	2.702067
23	943	2.701037
39	59	2.697527
39	153	2.697527
2	930	2.693618
1	994	2.692647
19	594	2.691393
19	943	2.691393
24	489	2.689885
39	913	2.689636
14	501	2.688619
18	580	2.687291
31	964	2.687035
25	112	2.686737
37	163	2.682955
18	621	2.680746
28	169	2.679811
28	528	2.679811
23	223	2.678968
23	549	2.678968
23	999	2.678968
39	470	2.677342
39	562	2.677342
15	570	2.676462
17	362	2.675249
1	753	2.673910
6	810	2.670384
6	898	2.667136
6	774	2.666472
1	530	2.665867
27	762	2.663057
40	804	2.659041
26	474	2.658971
17	553	2.657874
23	160	2.655724
23	456	2.655724
19	470	2.654785
19	898	2.654785
8	417	2.652645
9	223	2.649370
31	392	2.648342
39	907	2.648155
27	544	2.646977
33	510	2.646752
33	675	2.645484
21	66	2.645267
11	932	2.644749
24	583	2.644510
24	454	2.641934
12	692	2.641372
32	729	2.637259
18	815	2.634986
31	10	2.634549
11	457	2.630023
24	149	2.627767
22	170	2.627213
24	64	2.624948
19	112	2.624512
37	982	2.624383
13	939	2.623043
23	230	2.622986
33	451	2.620339
13	628	2.619210
39	719	2.618504
33	421	2.617193
33	468	2.617193
23	207	2.611532
19	620	2.611015
6	614	2.607046
37	871	2.606448
34	613	2.605236
10	474	2.604204
9	908	2.602544
13	886	2.601828
8	457	2.601262
31	544	2.600776
17	871	2.598519
31	425	2.598059
24	553	2.590791
27	761	2.588850
4	796	2.586688
31	473	2.586197
7	462	2.585696
27	699	2.584586
18	570	2.579825
33	950	2.578373
22	723	2.578164
23	734	2.577781
5	550	2.577537
24	754	2.576897
18	644	2.574715
14	971	2.574198
32	178	2.571789
10	683	2.568888
5	152	2.568571
5	168	2.568571
24	976	2.566348
5	625	2.565840
18	556	2.565145
31	223	2.563962
31	549	2.563962
2	184	2.562717
2	256	2.562717
2	364	2.562717
26	43	2.558381
11	962	2.558245
18	881	2.557584
2	904	2.556652
39	168	2.556603
20	544	2.554286
20	517	2.553816
15	744	2.553207
18	688	2.551564
10	396	2.551522
6	747	2.547188
2	476	2.546929
12	432	2.544228
12	937	2.544228
31	399	2.543263
23	622	2.538999
32	148	2.538099
37	939	2.536301
20	683	2.536299
24	196	2.532488
11	679	2.532282
19	920	2.532075
11	379	2.532043
11	957	2.532043
14	640	2.528573
19	248	2.527702
7	550	2.526925
20	102	2.518975
7	469	2.518471
10	594	2.517360
15	590	2.517137
6	698	2.516271
36	167	2.516265
36	451	2.513365
27	8	2.513059
9	157	2.512876
28	551	2.512300
23	910	2.511311
40	821	2.511020
27	899	2.507629
32	233	2.506831
23	514	2.504853
21	346	2.502567
37	390	2.501681
37	695	2.501681
27	713	2.501060
14	540	2.500679
14	830	2.500679
24	715	2.499226
19	150	2.498941
7	447	2.496691
32	838	2.495614
10	414	2.494914
10	603	2.494914
14	350	2.492984
19	700	2.492929
13	673	2.489236
40	673	2.489006
33	862	2.488261
33	984	2.488261
31	274	2.485546
13	237	2.481878
13	250	2.481878
27	640	2.481296
26	401	2.481008
11	437	2.478594
17	676	2.478401
18	753	2.477661
26	843	2.477427
18	148	2.477025
23	981	2.475592
23	405	2.474973
39	258	2.473249
9	740	2.473051
34	333	2.472825
34	642	2.472825
20	761	2.468133
5	362	2.467213
6	557	2.465515
23	777	2.465341
23	996	2.465341
32	832	2.464918
2	806	2.462070
2	941	2.460859
20	748	2.460058
2	534	2.458882
14	709	2.457337
11	523	2.457025
39	104	2.455850
36	916	2.455525
37	930	2.455521
6	866	2.454298
7	340	2.454027
37	616	2.453403
30	599	2.452348
39	676	2.450374
5	668	2.449858
25	836	2.448954
32	427	2.445691
27	102	2.443695
27	396	2.443695
27	591	2.442972
20	414	2.439983
21	504	2.439404
5	672	2.439001
23	446	2.438646
23	560	2.438646
8	23	2.438237
31	709	2.436593
20	230	2.435143
26	615	2.432675
31	790	2.431114
9	814	2.428091
14	228	2.427659
14	944	2.427659
11	610	2.426928
22	552	2.426541
26	936	2.423889
39	671	2.423095
19	615	2.422900
32	714	2.421511
26	909	2.420385
13	565	2.419488
31	581	2.418658
39	138	2.417341
39	215	2.417341
39	415	2.417341
12	810	2.414983
40	935	2.413338
19	682	2.413318
18	175	2.412973
18	290	2.412973
18	367	2.412973
29	716	2.412967
19	950	2.412947
28	886	2.411810
26	995	2.411491
1	878	2.411043
26	970	2.410869
29	491	2.410614
31	621	2.410452
6	806	2.409841
5	602	2.409787
18	922	2.408997
32	927	2.407489
19	728	2.406692
19	117	2.406400
13	643	2.406162
26	796	2.405705
14	837	2.404522
13	790	2.404130
37	694	2.403082
37	994	2.402235
13	656	2.402113
19	520	2.402041
26	734	2.401805
13	729	2.401612
10	568	2.398129
36	667	2.397086
36	776	2.397086
23	881	2.396356
32	516	2.396321
1	665	2.394723
2	333	2.394130
21	896	2.394031
7	380	2.392166
13	99	2.390928
13	813	2.390162
33	347	2.389548
33	969	2.389548
39	766	2.388047
5	594	2.385929
18	676	2.385628
24	781	2.384787
39	906	2.384559
23	380	2.384241
31	795	2.383357
6	238	2.381856
28	65	2.380514
24	600	2.379466
24	473	2.377511
39	910	2.373238
33	744	2.371170
13	433	2.371146
24	649	2.368370
27	941	2.365314
13	709	2.364847
14	986	2.364227
18	414	2.363947
33	863	2.362772
13	422	2.362716
6	122	2.362652
2	105	2.361594
2	197	2.361594
2	225	2.361594
2	505	2.361594
2	593	2.361594
2	783	2.361012
23	654	2.358999
24	390	2.357889
23	875	2.357730
24	209	2.357669
10	657	2.357014
14	727	2.355523
23	228	2.354644
12	81	2.354215
19	650	2.353089
24	721	2.352542
21	982	2.352536
8	466	2.352230
11	454	2.349860
22	668	2.348987
22	700	2.348987
24	604	2.348803
27	520	2.347874
19	660	2.344625
6	800	2.343660
23	692	2.341283
24	962	2.340927
20	606	2.340228
34	649	2.340228
14	217	2.340187
28	514	2.335820
28	966	2.335820
32	898	2.334428
6	577	2.334185
9	451	2.333808
24	23	2.333801
24	901	2.333801
8	585	2.332085
18	866	2.330107
23	242	2.330014
32	899	2.329139
32	952	2.329139
19	499	2.327529
25	7	2.327002
25	670	2.327002
25	867	2.327002
33	740	2.325003
20	421	2.324969
14	104	2.324046
26	464	2.321619
23	820	2.320635
33	614	2.319505
13	766	2.318970
16	425	2.318736
27	184	2.316676
1	457	2.313959
7	792	2.313402
28	649	2.312702
39	621	2.312055
24	548	2.310204
24	731	2.310204
24	757	2.310204
9	350	2.309106
23	522	2.306909
15	863	2.305849
13	487	2.301515
19	862	2.300643
10	631	2.297310
19	999	2.297154
33	470	2.296439
33	562	2.296439
12	209	2.295787
26	586	2.294110
28	678	2.292409
28	757	2.292409
22	581	2.291519
23	582	2.288931
13	667	2.288585
8	906	2.288333
29	599	2.288176
23	285	2.287731
25	417	2.286022
36	420	2.284209
31	849	2.284048
31	168	2.283181
10	580	2.282746
14	434	2.282578
37	81	2.278974
13	553	2.277720
26	475	2.277463
26	529	2.277463
27	151	2.276667
19	666	2.276353
31	410	2.275735
33	179	2.275468
31	219	2.274926
31	969	2.274926
26	921	2.274763
26	698	2.271318
8	720	2.270712
22	447	2.270143
22	690	2.270143
36	536	2.268862
23	76	2.266713
23	352	2.266713
33	979	2.266274
39	761	2.264719
39	926	2.262474
21	730	2.257843
28	407	2.257812
18	814	2.256160
24	747	2.255843
37	574	2.252993
21	803	2.252370
27	927	2.251391
23	876	2.251066
20	984	2.250910
24	171	2.246901
24	211	2.246901
24	248	2.246901
24	364	2.246901
24	705	2.246901
24	710	2.246901
14	795	2.243937
13	684	2.240565
39	873	2.240444
23	195	2.239643
23	273	2.239643
24	405	2.239236
18	255	2.238900
37	679	2.238240
22	904	2.237886
9	766	2.234692
8	837	2.232065
13	362	2.229503
27	772	2.228648
13	823	2.227012
21	390	2.224018
13	311	2.222510
14	440	2.222307
23	799	2.221602
19	568	2.221043
37	233	2.220937
13	775	2.220839
2	719	2.220167
30	808	2.219445
13	944	2.219341
13	947	2.219341
27	693	2.219143
26	422	2.218764
15	563	2.217058
32	543	2.215099
19	108	2.213959
39	717	2.213821
6	790	2.212588
32	852	2.210137
28	814	2.209188
28	988	2.209188
23	347	2.209071
37	748	2.209040
26	723	2.208313
20	556	2.208176
20	798	2.208176
18	460	2.204693
17	878	2.197596
31	972	2.197381
14	69	2.195941
14	956	2.195941
23	106	2.194252
23	337	2.194252
23	374	2.194252
20	654	2.194201
24	975	2.193478
28	973	2.192890
37	236	2.192747
11	39	2.192061
39	435	2.189217
23	603	2.188152
24	614	2.187037
6	267	2.185369
18	661	2.185070
2	860	2.184001
32	208	2.183510
26	783	2.181956
8	922	2.181656
39	181	2.180832
39	510	2.180832
39	658	2.180832
32	30	2.179578
33	643	2.179265
14	793	2.178946
13	37	2.177887
13	263	2.177887
13	394	2.177887
25	980	2.177771
18	689	2.177647
23	477	2.177582
39	737	2.177467
19	679	2.177354
31	824	2.174045
39	599	2.173311
19	627	2.171304
33	189	2.169469
33	437	2.169469
31	788	2.167859
31	874	2.167803
22	259	2.167640
36	943	2.167069
23	935	2.167068
12	618	2.164250
6	66	2.163799
6	731	2.163799
31	565	2.163067
6	566	2.160548
31	580	2.160190
13	782	2.157708
5	159	2.156588
26	894	2.154454
24	974	2.153604
31	511	2.153406
31	578	2.153406
27	732	2.152505
19	65	2.150283
23	608	2.149768
14	747	2.149297
14	797	2.149297
11	285	2.149222
11	757	2.149222
19	434	2.147642
17	569	2.147243
39	488	2.145793
5	684	2.142235
21	112	2.141118
20	562	2.139591
23	458	2.139412
24	130	2.138666
13	60	2.137044
13	297	2.137044
16	907	2.135181
20	753	2.135032
15	409	2.133924
31	495	2.133574
12	170	2.133088
12	816	2.133088
7	520	2.132905
28	7	2.130402
28	442	2.130402
18	888	2.129149
39	115	2.127746
39	158	2.127746
39	288	2.127746
39	927	2.127738
6	468	2.127268
21	994	2.126959
2	650	2.126086
29	420	2.124496
1	512	2.122700
1	655	2.122700
18	687	2.122554
26	770	2.121481
18	492	2.120525
29	457	2.119544
26	976	2.119500
15	2	2.119302
10	509	2.118284
10	543	2.118284
24	155	2.114872
24	966	2.114872
34	732	2.114711
13	983	2.114644
25	750	2.113446
37	938	2.111286
27	585	2.111280
27	597	2.111280
29	558	2.109714
14	461	2.107682
11	836	2.107604
11	1000	2.107604
34	981	2.106803
33	975	2.106375
6	764	2.103965
2	453	2.103141
11	835	2.102761
32	775	2.099592
23	859	2.098178
27	558	2.097606
34	805	2.096641
2	351	2.096633
40	476	2.090796
22	792	2.090494
23	356	2.090283
23	601	2.090283
36	674	2.087318
24	258	2.086805
24	944	2.086805
23	671	2.086453
31	184	2.085887
31	779	2.085887
31	447	2.085764
18	96	2.083093
18	365	2.083093
18	626	2.083093
7	537	2.082813
23	931	2.081511
18	904	2.081354
18	783	2.079558
9	425	2.078509
1	435	2.078212
15	574	2.076301
40	541	2.075687
40	809	2.075687
27	28	2.075285
23	623	2.075201
18	481	2.074723
23	879	2.073696
6	647	2.073410
14	946	2.072817
22	667	2.071831
14	962	2.071099
33	679	2.070724
31	385	2.070451
6	1000	2.070253
13	286	2.070148
39	64	2.069161
19	877	2.067948
11	725	2.067147
9	681	2.066206
18	832	2.065076
14	178	2.064557
14	429	2.064557
19	175	2.064453
19	199	2.064453
36	971	2.063828
24	8	2.063150
24	16	2.063150
24	67	2.063150
24	77	2.063150
24	325	2.063150
31	871	2.063003
19	465	2.060274
19	593	2.060274
36	793	2.060223
19	129	2.058792
6	108	2.056930
28	743	2.055661
6	606	2.055342
10	693	2.054866
20	703	2.054665
13	653	2.054659
23	670	2.053159
13	268	2.052551
13	470	2.051585
24	3	2.051300
24	514	2.051300
14	420	2.051257
2	561	2.047745
6	153	2.046592
40	881	2.046450
31	353	2.045116
34	714	2.043748
34	896	2.043748
28	618	2.042914
21	740	2.042756
14	112	2.041171
26	164	2.040992
26	455	2.040992
34	913	2.037857
6	415	2.035693
12	880	2.033879
13	649	2.033498
28	881	2.033190
23	994	2.031023
31	887	2.028639
31	1000	2.028639
11	847	2.027798
40	595	2.026262
2	152	2.025547
26	886	2.025072
14	537	2.024734
19	604	2.024057
20	578	2.023741
13	605	2.022901
13	687	2.022901
9	924	2.020989
28	682	2.019699
31	23	2.018213
31	785	2.018213
12	748	2.016008
8	253	2.014481
8	784	2.014481
27	994	2.012929
29	908	2.012448
27	844	2.011911
11	445	2.010754
2	603	2.009984
40	878	2.008497
13	468	2.005014
24	863	2.003182
39	937	2.001504
5	630	1.998457
18	743	1.997227
6	982	1.996380
23	697	1.994163
10	859	1.994133
14	457	1.993532
24	816	1.992057
24	356	1.991484
18	501	1.991412
18	879	1.991412
39	501	1.990008
13	614	1.989387
30	975	1.988616
40	401	1.986361
23	865	1.985140
37	595	1.984955
28	506	1.984623
28	559	1.984623
28	701	1.984623
11	530	1.984340
10	558	1.982292
19	1	1.980687
25	123	1.980388
27	105	1.980118
27	486	1.980118
27	505	1.980118
13	691	1.980115
31	680	1.979783
31	741	1.979783
31	860	1.979783
12	569	1.978886
40	99	1.978495
33	999	1.978118
13	640	1.973023
27	709	1.972866
39	602	1.972791
14	563	1.969347
6	433	1.968434
19	552	1.966376
19	766	1.965857
19	986	1.965857
31	527	1.963587
39	856	1.963420
8	230	1.962419
31	342	1.962253
37	829	1.960982
37	880	1.960982
23	409	1.960962
37	433	1.960927
21	673	1.958574
8	724	1.958402
14	703	1.956226
30	982	1.955868
24	555	1.954955
31	701	1.954375
19	124	1.954313
19	193	1.954313
19	203	1.954313
19	270	1.954313
9	177	1.954085
19	566	1.954003
19	897	1.954003
31	654	1.953799
1	340	1.952484
2	582	1.952444
24	521	1.952163
21	804	1.951035
24	709	1.951007
24	801	1.951007
17	551	1.950858
39	644	1.950724
31	890	1.947616
39	924	1.946812
21	676	1.946378
14	357	1.944192
14	662	1.944192
13	702	1.944129
31	229	1.943791
34	602	1.943507
18	978	1.942589
18	249	1.942495
18	251	1.942495
18	363	1.942495
18	408	1.942495
18	849	1.942495
7	405	1.942259
28	732	1.939211
12	713	1.938916
18	766	1.937443
18	959	1.937443
32	165	1.937387
32	507	1.937387
33	122	1.934044
18	540	1.933268
18	830	1.933268
22	527	1.930724
14	832	1.929082
39	578	1.928416
32	661	1.928210
32	970	1.927983
9	800	1.927959
9	871	1.927959
31	523	1.927704
29	66	1.927500
24	442	1.926389
13	174	1.926177
13	294	1.926177
13	788	1.926177
36	666	1.926063
32	500	1.923457
24	615	1.923318
1	886	1.921468
34	739	1.919524
29	642	1.919142
8	978	1.916458
14	935	1.916253
14	647	1.916163
11	163	1.915910
11	947	1.915910
19	5	1.915502
34	420	1.914953
22	520	1.914040
1	224	1.912948
6	484	1.912884
7	468	1.912841
27	754	1.908660
23	594	1.908646
31	515	1.907245
23	841	1.907111
2	963	1.906428
39	154	1.905784
24	210	1.905700
6	403	1.905359
23	667	1.900387
23	776	1.900387
8	740	1.899326
37	927	1.899253
6	170	1.898714
6	533	1.898714
39	400	1.898619
23	482	1.897832
22	683	1.897555
34	744	1.897523
34	800	1.895947
23	59	1.895593
23	785	1.895593
23	464	1.893938
23	988	1.893935
20	608	1.893873
1	380	1.893594
33	3	1.891320
15	878	1.891176
13	931	1.890965
6	150	1.888784
40	839	1.887573
23	214	1.887515
31	957	1.887474
1	700	1.887045
39	953	1.886352
14	686	1.885428
36	654	1.885116
7	604	1.884032
5	131	1.883993
5	189	1.883993
23	18	1.883270
23	738	1.883270
6	650	1.880753
11	766	1.880520
18	506	1.879472
39	652	1.879193
6	794	1.878464
18	409	1.877833
29	414	1.877700
29	603	1.877700
19	258	1.876973
19	448	1.876973
19	876	1.876973
12	430	1.875373
12	435	1.875373
12	462	1.875373
19	370	1.873725
32	424	1.873306
6	667	1.872710
6	967	1.872710
31	594	1.869200
37	627	1.869004
28	401	1.868939
26	612	1.868487
19	829	1.867799
19	960	1.867799
14	810	1.866778
29	918	1.866710
19	473	1.866498
40	499	1.865744
39	718	1.863178
33	982	1.860475
20	691	1.860460
31	21	1.859609
31	254	1.859609
31	273	1.859609
31	612	1.857448
18	868	1.857337
6	579	1.856496
1	592	1.855681
1	916	1.855681
32	89	1.854226
32	334	1.854226
9	296	1.853938
26	732	1.852862
28	937	1.852497
14	286	1.851950
2	544	1.849729
19	148	1.849561
29	52	1.847436
13	224	1.847023
17	422	1.846936
37	621	1.846936
27	981	1.845545
31	53	1.842711
8	716	1.841670
23	436	1.841637
19	453	1.841525
19	649	1.841525
20	642	1.838628
6	729	1.837786
31	154	1.837618
39	490	1.836840
39	545	1.836840
19	535	1.835067
24	830	1.834881
14	119	1.833375
14	274	1.833375
23	669	1.831651
27	165	1.831200
13	725	1.830511
13	814	1.830511
13	968	1.830511
26	928	1.829501
9	508	1.826416
24	540	1.825564
14	433	1.825217
19	747	1.825211
23	658	1.824138
22	759	1.821531
28	482	1.821354
28	890	1.821354
28	915	1.821354
20	440	1.820936
37	713	1.820037
5	974	1.819835
36	491	1.819466
23	750	1.817334
2	181	1.816827
2	658	1.816827
6	918	1.816470
18	88	1.814759
18	178	1.814759
18	273	1.814759
18	475	1.814759
7	751	1.814549
14	538	1.813683
6	7	1.810916
6	442	1.810916
13	665	1.810797
33	887	1.809657
31	22	1.809540
31	253	1.809540
31	532	1.809202
29	788	1.809093
33	550	1.808272
32	786	1.808088
39	754	1.806039
19	821	1.804143
22	230	1.802590
1	523	1.801934
15	646	1.801279
1	667	1.800714
18	857	1.800086
32	435	1.795757
32	583	1.795757
31	228	1.794875
26	973	1.794441
31	543	1.794347
23	563	1.791782
33	333	1.791548
37	646	1.791183
32	608	1.791036
27	221	1.790837
9	930	1.790402
23	649	1.789910
18	673	1.789801
23	541	1.789662
39	753	1.789532
27	473	1.788606
8	587	1.788573
40	979	1.787871
19	967	1.787823
2	585	1.785433
24	2	1.785174
19	395	1.784172
34	676	1.783778
40	469	1.781761
36	509	1.781546
19	892	1.781464
18	684	1.780964
5	679	1.780617
27	518	1.779006
27	417	1.778885
31	915	1.777970
13	896	1.776313
32	652	1.775910
28	635	1.773930
19	33	1.772827
19	205	1.772827
19	227	1.772827
37	531	1.772264
33	968	1.770597
24	218	1.769486
24	958	1.769486
28	640	1.769468
6	840	1.769254
39	219	1.768048
39	700	1.765825
2	813	1.764827
2	466	1.763842
37	269	1.762083
23	714	1.760888
13	737	1.760443
26	925	1.758414
6	11	1.757346
6	371	1.757346
6	564	1.757346
36	545	1.756848
31	54	1.756335
26	471	1.756223
31	519	1.755909
30	863	1.755547
10	826	1.754469
12	434	1.754364
2	64	1.753766
2	271	1.753766
2	280	1.753766
2	889	1.753766
10	980	1.753375
18	471	1.751469
27	490	1.750952
19	692	1.750547
29	976	1.750112
19	716	1.748901
19	733	1.748901
11	5	1.747479
11	390	1.747479
11	929	1.747479
23	544	1.747008
26	711	1.746940
27	745	1.745955
27	764	1.745955
21	840	1.745202
36	473	1.744668
10	453	1.744517
26	614	1.744199
23	828	1.743683
24	556	1.743153
24	526	1.742187
31	470	1.739921
18	852	1.738518
23	79	1.737676
5	543	1.736336
13	596	1.736242
13	836	1.735953
37	707	1.734816
20	802	1.734457
34	586	1.734456
33	174	1.732645
33	847	1.732645
28	810	1.732017
31	745	1.731623
14	184	1.730908
14	311	1.730908
14	364	1.730908
14	705	1.730908
19	445	1.730875
2	868	1.729236
32	609	1.726930
19	546	1.722413
24	644	1.722298
9	665	1.721622
32	676	1.721179
19	297	1.720864
39	750	1.717371
6	666	1.716959
23	480	1.715853
23	788	1.715853
26	795	1.715778
18	247	1.715706
18	390	1.715706
23	469	1.714871
25	973	1.712228
25	694	1.711001
5	843	1.709573
31	547	1.707334
27	853	1.707299
27	65	1.707290
6	595	1.707228
22	803	1.706264
31	504	1.705971
23	206	1.705239
23	234	1.705239
28	656	1.703144
18	910	1.702739
31	189	1.702540
31	438	1.702540
31	571	1.702540
24	314	1.702280
25	314	1.702278
25	665	1.702278
19	867	1.702025
23	643	1.701788
32	213	1.701775
32	572	1.701775
27	389	1.700802
34	574	1.700315
34	783	1.700315
24	972	1.700179
26	434	1.700166
24	357	1.698818
24	416	1.698818
24	496	1.698818
24	894	1.698818
33	616	1.698385
28	661	1.698147
5	727	1.697981
29	692	1.697320
20	855	1.696709
23	644	1.696652
33	687	1.695751
12	762	1.695275
2	856	1.693556
27	629	1.693409
27	860	1.693409
31	698	1.692555
39	691	1.691462
18	923	1.690649
23	717	1.689532
13	704	1.688312
13	721	1.688312
8	438	1.688309
8	476	1.687004
23	334	1.685807
23	747	1.685685
7	509	1.685489
18	563	1.685447
6	804	1.685245
31	793	1.685211
39	591	1.684712
39	361	1.680998
24	152	1.680320
24	213	1.680320
34	481	1.680248
33	414	1.680001
13	671	1.678664
39	413	1.677683
25	477	1.677391
40	531	1.677039
12	745	1.676690
12	764	1.676690
22	782	1.676564
27	543	1.676328
26	547	1.676299
2	536	1.674231
39	843	1.673420
23	179	1.673053
23	791	1.673053
10	723	1.673024
19	741	1.672326
6	396	1.669637
18	918	1.669469
2	425	1.669397
25	409	1.664936
8	882	1.664433
8	796	1.663482
37	351	1.663090
9	586	1.662507
26	507	1.661599
5	561	1.661519
6	769	1.660172
10	963	1.658179
27	224	1.656983
27	495	1.656983
39	6	1.656774
24	511	1.656010
11	123	1.655739
11	994	1.655739
6	632	1.654174
31	370	1.653646
25	533	1.652970
39	764	1.652918
19	541	1.648683
28	521	1.648327
1	520	1.648195
9	446	1.648135
18	737	1.648099
1	843	1.647734
2	474	1.647494
40	745	1.646411
13	466	1.645865
37	167	1.644159
39	544	1.643338
13	48	1.642559
13	285	1.642559
13	678	1.642559
13	731	1.642559
13	635	1.642068
2	819	1.641021
26	595	1.640485
23	151	1.640464
27	355	1.639364
27	575	1.639364
8	734	1.639070
14	573	1.637693
13	154	1.637355
25	820	1.637247
2	996	1.635993
14	180	1.635808
14	204	1.635808
14	207	1.635808
26	575	1.635772
19	149	1.635235
26	804	1.635033
18	474	1.634981
18	527	1.634981
24	730	1.634926
19	814	1.634413
24	498	1.634008
24	987	1.634008
6	742	1.632660
29	559	1.632343
8	673	1.632073
32	787	1.631672
18	591	1.630995
13	666	1.630156
31	131	1.629389
25	541	1.629001
25	560	1.629001
2	628	1.628761
28	983	1.628399
33	561	1.626648
11	554	1.626541
37	380	1.625503
7	511	1.625418
7	578	1.625418
7	693	1.625418
32	981	1.625405
23	887	1.625166
23	1000	1.625166
33	876	1.624949
19	458	1.623200
12	792	1.622480
33	789	1.622249
10	630	1.621434
2	517	1.621166
39	333	1.620913
23	1	1.620096
1	561	1.616814
19	480	1.616046
5	514	1.615324
24	459	1.614663
28	177	1.614304
11	744	1.614193
15	591	1.612392
31	695	1.611890
2	647	1.610645
23	447	1.610448
6	700	1.610365
19	179	1.608653
9	852	1.608420
19	418	1.606311
39	858	1.605698
25	840	1.605471
12	540	1.604906
37	434	1.604577
10	845	1.603649
19	460	1.603031
19	618	1.602083
23	858	1.598763
11	746	1.597992
11	810	1.597992
39	516	1.597719
23	893	1.596388
23	280	1.596177
23	428	1.596177
19	994	1.595695
26	644	1.595535
8	242	1.595188
6	831	1.594301
19	170	1.594281
33	651	1.590957
18	455	1.590874
18	851	1.590874
18	952	1.590874
34	439	1.590501
31	428	1.589411
31	885	1.589411
31	889	1.589411
31	985	1.589411
21	370	1.588364
31	489	1.585213
6	928	1.585190
17	661	1.583806
23	422	1.583006
28	917	1.582144
29	700	1.581985
26	121	1.581528
26	452	1.581528
26	860	1.581528
2	219	1.580895
2	373	1.580895
18	642	1.580394
6	959	1.580223
19	538	1.580175
1	981	1.579365
22	654	1.578158
19	522	1.577394
19	816	1.577394
24	174	1.575586
30	523	1.575096
20	799	1.574323
19	924	1.573989
29	843	1.573139
13	984	1.572714
1	298	1.570601
1	936	1.570601
27	340	1.569108
27	519	1.569108
29	730	1.567867
21	395	1.567442
24	237	1.565660
32	107	1.565197
32	130	1.565197
33	819	1.564753
33	857	1.563507
10	819	1.563151
31	363	1.562439
31	934	1.562439
33	407	1.561237
37	857	1.559006
33	214	1.557852
33	559	1.557852
2	643	1.556585
12	597	1.553597
12	648	1.553597
15	422	1.553490
24	43	1.553378
13	472	1.550385
31	576	1.549040
2	707	1.548247
14	225	1.547254
14	711	1.547254
31	599	1.546956
19	426	1.546917
23	40	1.546775
23	42	1.546775
23	317	1.546775
23	696	1.546775
27	6	1.545132
23	928	1.544695
23	122	1.544350
23	812	1.544350
33	893	1.543444
32	417	1.541653
14	866	1.540284
22	614	1.540107
20	557	1.539388
27	661	1.539067
19	921	1.538512
19	861	1.538430
39	451	1.537798
11	460	1.537499
25	99	1.537392
25	229	1.537392
25	596	1.537392
25	883	1.537392
31	227	1.535856
31	255	1.535856
31	639	1.535856
32	224	1.535350
24	608	1.534650
10	732	1.534395
